Lx=4
Lz=4
0.0,0.0,0.0,1,0.0,0
2.5875,0.0,2.6875,0,0.0,1
2.5875,2.5875,5.375,1,-0.0,2
0.0,2.5875,8.0625,-1,0.0,3
0.0,0.0,10.75,0,0.0,4
2.5875,0.0,13.4375,0,0.0,5
2.5875,2.5875,16.125,0,0.0,6
0.0,2.5875,18.8125,0,0.0,7
0.0,0.0,21.5,0,0.0,8
2.5875,0.0,24.1875,0,0.0,9
2.5875,2.5875,26.875,0,0.0,10
0.0,2.5875,29.5625,1,-0.0,11
0.0,0.0,32.25,0,0.0,12
2.5875,0.0,34.9375,0,0.0,13
2.5875,2.5875,37.625,0,0.0,14
0.0,2.5875,40.3125,0,0.0,15
0.0,5.175,0.0,0,0.0,16
2.5875,5.175,2.6875,-1,0.0,17
2.5875,7.762499999999999,5.375,0,0.0,18
0.0,7.762499999999999,8.0625,0,0.0,19
0.0,5.175,10.75,0,0.0,20
2.5875,5.175,13.4375,0,0.0,21
2.5875,7.762499999999999,16.125,0,0.0,22
0.0,7.762499999999999,18.8125,0,0.0,23
0.0,5.175,21.5,0,0.0,24
2.5875,5.175,24.1875,0,0.0,25
2.5875,7.762499999999999,26.875,0,0.0,26
0.0,7.762499999999999,29.5625,-1,-0.0,27
0.0,5.175,32.25,0,0.0,28
2.5875,5.175,34.9375,0,0.0,29
2.5875,7.762499999999999,37.625,0,0.0,30
0.0,7.762499999999999,40.3125,-1,0.0,31
0.0,10.35,0.0,0,0.0,32
2.5875,10.35,2.6875,-1,-0.0,33
2.5875,12.9375,5.375,0,0.0,34
0.0,12.9375,8.0625,0,0.0,35
0.0,10.35,10.75,0,0.0,36
2.5875,10.35,13.4375,0,0.0,37
2.5875,12.9375,16.125,0,0.0,38
0.0,12.9375,18.8125,0,0.0,39
0.0,10.35,21.5,0,0.0,40
2.5875,10.35,24.1875,0,0.0,41
2.5875,12.9375,26.875,0,0.0,42
0.0,12.9375,29.5625,0,0.0,43
0.0,10.35,32.25,0,0.0,44
2.5875,10.35,34.9375,0,0.0,45
2.5875,12.9375,37.625,0,0.0,46
0.0,12.9375,40.3125,0,0.0,47
0.0,15.524999999999999,0.0,1,-0.0,48
2.5875,15.524999999999999,2.6875,0,0.0,49
2.5875,18.112499999999997,5.375,-1,-0.0,50
0.0,18.112499999999997,8.0625,0,0.0,51
0.0,15.524999999999999,10.75,0,0.0,52
2.5875,15.524999999999999,13.4375,0,0.0,53
2.5875,18.112499999999997,16.125,1,-0.0,54
0.0,18.112499999999997,18.8125,0,0.0,55
0.0,15.524999999999999,21.5,0,0.0,56
2.5875,15.524999999999999,24.1875,0,0.0,57
2.5875,18.112499999999997,26.875,0,0.0,58
0.0,18.112499999999997,29.5625,1,0.0,59
0.0,15.524999999999999,32.25,0,0.0,60
2.5875,15.524999999999999,34.9375,1,-0.0,61
2.5875,18.112499999999997,37.625,0,0.0,62
0.0,18.112499999999997,40.3125,0,0.0,63
5.175,0.0,0.0,0,0.0,64
7.762499999999999,0.0,2.6875,0,0.0,65
7.762499999999999,2.5875,5.375,0,0.0,66
5.175,2.5875,8.0625,-1,-0.0,67
5.175,0.0,10.75,-1,0.0,68
7.762499999999999,0.0,13.4375,0,0.0,69
7.762499999999999,2.5875,16.125,0,0.0,70
5.175,2.5875,18.8125,0,0.0,71
5.175,0.0,21.5,0,0.0,72
7.762499999999999,0.0,24.1875,-1,0.0,73
7.762499999999999,2.5875,26.875,0,0.0,74
5.175,2.5875,29.5625,0,0.0,75
5.175,0.0,32.25,0,0.0,76
7.762499999999999,0.0,34.9375,0,0.0,77
7.762499999999999,2.5875,37.625,0,0.0,78
5.175,2.5875,40.3125,0,0.0,79
5.175,5.175,0.0,0,0.0,80
7.762499999999999,5.175,2.6875,-1,-0.0,81
7.762499999999999,7.762499999999999,5.375,0,0.0,82
5.175,7.762499999999999,8.0625,0,0.0,83
5.175,5.175,10.75,0,0.0,84
7.762499999999999,5.175,13.4375,0,0.0,85
7.762499999999999,7.762499999999999,16.125,0,0.0,86
5.175,7.762499999999999,18.8125,0,0.0,87
5.175,5.175,21.5,0,0.0,88
7.762499999999999,5.175,24.1875,0,0.0,89
7.762499999999999,7.762499999999999,26.875,-1,0.0,90
5.175,7.762499999999999,29.5625,0,0.0,91
5.175,5.175,32.25,0,0.0,92
7.762499999999999,5.175,34.9375,1,-0.0,93
7.762499999999999,7.762499999999999,37.625,-1,0.0,94
5.175,7.762499999999999,40.3125,0,0.0,95
5.175,10.35,0.0,0,0.0,96
7.762499999999999,10.35,2.6875,1,-0.0,97
7.762499999999999,12.9375,5.375,0,0.0,98
5.175,12.9375,8.0625,1,-0.0,99
5.175,10.35,10.75,0,0.0,100
7.762499999999999,10.35,13.4375,0,0.0,101
7.762499999999999,12.9375,16.125,0,0.0,102
5.175,12.9375,18.8125,0,0.0,103
5.175,10.35,21.5,0,0.0,104
7.762499999999999,10.35,24.1875,-1,0.0,105
7.762499999999999,12.9375,26.875,1,-0.0,106
5.175,12.9375,29.5625,0,0.0,107
5.175,10.35,32.25,1,0.0,108
7.762499999999999,10.35,34.9375,1,0.0,109
7.762499999999999,12.9375,37.625,-1,0.0,110
5.175,12.9375,40.3125,-1,0.0,111
5.175,15.524999999999999,0.0,1,0.0,112
7.762499999999999,15.524999999999999,2.6875,0,0.0,113
7.762499999999999,18.112499999999997,5.375,-1,-0.0,114
5.175,18.112499999999997,8.0625,-1,0.0,115
5.175,15.524999999999999,10.75,1,0.0,116
7.762499999999999,15.524999999999999,13.4375,0,0.0,117
7.762499999999999,18.112499999999997,16.125,0,0.0,118
5.175,18.112499999999997,18.8125,1,-0.0,119
5.175,15.524999999999999,21.5,-1,0.0,120
7.762499999999999,15.524999999999999,24.1875,1,0.0,121
7.762499999999999,18.112499999999997,26.875,-1,0.0,122
5.175,18.112499999999997,29.5625,0,0.0,123
5.175,15.524999999999999,32.25,0,0.0,124
7.762499999999999,15.524999999999999,34.9375,0,0.0,125
7.762499999999999,18.112499999999997,37.625,-1,-0.0,126
5.175,18.112499999999997,40.3125,0,0.0,127
10.35,0.0,0.0,0,0.0,128
12.9375,0.0,2.6875,0,0.0,129
12.9375,2.5875,5.375,0,0.0,130
10.35,2.5875,8.0625,1,-0.0,131
10.35,0.0,10.75,-1,-0.0,132
12.9375,0.0,13.4375,-1,-0.0,133
12.9375,2.5875,16.125,0,0.0,134
10.35,2.5875,18.8125,0,0.0,135
10.35,0.0,21.5,1,0.0,136
12.9375,0.0,24.1875,0,0.0,137
12.9375,2.5875,26.875,-1,0.0,138
10.35,2.5875,29.5625,0,0.0,139
10.35,0.0,32.25,0,0.0,140
12.9375,0.0,34.9375,0,0.0,141
12.9375,2.5875,37.625,0,0.0,142
10.35,2.5875,40.3125,0,0.0,143
10.35,5.175,0.0,0,0.0,144
12.9375,5.175,2.6875,1,0.0,145
12.9375,7.762499999999999,5.375,0,0.0,146
10.35,7.762499999999999,8.0625,0,0.0,147
10.35,5.175,10.75,0,0.0,148
12.9375,5.175,13.4375,0,0.0,149
12.9375,7.762499999999999,16.125,-1,0.0,150
10.35,7.762499999999999,18.8125,-1,0.0,151
10.35,5.175,21.5,1,0.0,152
12.9375,5.175,24.1875,0,0.0,153
12.9375,7.762499999999999,26.875,-1,-0.0,154
10.35,7.762499999999999,29.5625,0,0.0,155
10.35,5.175,32.25,-1,0.0,156
12.9375,5.175,34.9375,0,0.0,157
12.9375,7.762499999999999,37.625,0,0.0,158
10.35,7.762499999999999,40.3125,0,0.0,159
10.35,10.35,0.0,0,0.0,160
12.9375,10.35,2.6875,1,-0.0,161
12.9375,12.9375,5.375,0,0.0,162
10.35,12.9375,8.0625,-1,0.0,163
10.35,10.35,10.75,-1,-0.0,164
12.9375,10.35,13.4375,0,0.0,165
12.9375,12.9375,16.125,0,0.0,166
10.35,12.9375,18.8125,1,-0.0,167
10.35,10.35,21.5,0,0.0,168
12.9375,10.35,24.1875,0,0.0,169
12.9375,12.9375,26.875,0,0.0,170
10.35,12.9375,29.5625,-1,0.0,171
10.35,10.35,32.25,0,0.0,172
12.9375,10.35,34.9375,0,0.0,173
12.9375,12.9375,37.625,0,0.0,174
10.35,12.9375,40.3125,0,0.0,175
10.35,15.524999999999999,0.0,1,-0.0,176
12.9375,15.524999999999999,2.6875,1,0.0,177
12.9375,18.112499999999997,5.375,0,0.0,178
10.35,18.112499999999997,8.0625,0,0.0,179
10.35,15.524999999999999,10.75,0,0.0,180
12.9375,15.524999999999999,13.4375,0,0.0,181
12.9375,18.112499999999997,16.125,0,0.0,182
10.35,18.112499999999997,18.8125,1,0.0,183
10.35,15.524999999999999,21.5,0,0.0,184
12.9375,15.524999999999999,24.1875,1,0.0,185
12.9375,18.112499999999997,26.875,0,0.0,186
10.35,18.112499999999997,29.5625,0,0.0,187
10.35,15.524999999999999,32.25,0,0.0,188
12.9375,15.524999999999999,34.9375,0,0.0,189
12.9375,18.112499999999997,37.625,1,-0.0,190
10.35,18.112499999999997,40.3125,0,0.0,191
15.524999999999999,0.0,0.0,0,0.0,192
18.112499999999997,0.0,2.6875,0,0.0,193
18.112499999999997,2.5875,5.375,0,0.0,194
15.524999999999999,2.5875,8.0625,0,0.0,195
15.524999999999999,0.0,10.75,0,0.0,196
18.112499999999997,0.0,13.4375,0,0.0,197
18.112499999999997,2.5875,16.125,1,-0.0,198
15.524999999999999,2.5875,18.8125,0,0.0,199
15.524999999999999,0.0,21.5,0,0.0,200
18.112499999999997,0.0,24.1875,0,0.0,201
18.112499999999997,2.5875,26.875,0,0.0,202
15.524999999999999,2.5875,29.5625,-1,-0.0,203
15.524999999999999,0.0,32.25,0,0.0,204
18.112499999999997,0.0,34.9375,0,0.0,205
18.112499999999997,2.5875,37.625,-1,0.0,206
15.524999999999999,2.5875,40.3125,0,0.0,207
15.524999999999999,5.175,0.0,0,0.0,208
18.112499999999997,5.175,2.6875,0,0.0,209
18.112499999999997,7.762499999999999,5.375,0,0.0,210
15.524999999999999,7.762499999999999,8.0625,0,0.0,211
15.524999999999999,5.175,10.75,-1,0.0,212
18.112499999999997,5.175,13.4375,0,0.0,213
18.112499999999997,7.762499999999999,16.125,0,0.0,214
15.524999999999999,7.762499999999999,18.8125,-1,0.0,215
15.524999999999999,5.175,21.5,1,0.0,216
18.112499999999997,5.175,24.1875,0,0.0,217
18.112499999999997,7.762499999999999,26.875,-1,0.0,218
15.524999999999999,7.762499999999999,29.5625,0,0.0,219
15.524999999999999,5.175,32.25,0,0.0,220
18.112499999999997,5.175,34.9375,0,0.0,221
18.112499999999997,7.762499999999999,37.625,0,0.0,222
15.524999999999999,7.762499999999999,40.3125,-1,-0.0,223
15.524999999999999,10.35,0.0,0,0.0,224
18.112499999999997,10.35,2.6875,0,0.0,225
18.112499999999997,12.9375,5.375,-1,0.0,226
15.524999999999999,12.9375,8.0625,0,0.0,227
15.524999999999999,10.35,10.75,-1,-0.0,228
18.112499999999997,10.35,13.4375,0,0.0,229
18.112499999999997,12.9375,16.125,1,-0.0,230
15.524999999999999,12.9375,18.8125,0,0.0,231
15.524999999999999,10.35,21.5,0,0.0,232
18.112499999999997,10.35,24.1875,0,0.0,233
18.112499999999997,12.9375,26.875,0,0.0,234
15.524999999999999,12.9375,29.5625,0,0.0,235
15.524999999999999,10.35,32.25,0,0.0,236
18.112499999999997,10.35,34.9375,0,0.0,237
18.112499999999997,12.9375,37.625,0,0.0,238
15.524999999999999,12.9375,40.3125,-1,-0.0,239
15.524999999999999,15.524999999999999,0.0,0,0.0,240
18.112499999999997,15.524999999999999,2.6875,1,-0.0,241
18.112499999999997,18.112499999999997,5.375,1,0.0,242
15.524999999999999,18.112499999999997,8.0625,-1,-0.0,243
15.524999999999999,15.524999999999999,10.75,0,0.0,244
18.112499999999997,15.524999999999999,13.4375,0,0.0,245
18.112499999999997,18.112499999999997,16.125,0,0.0,246
15.524999999999999,18.112499999999997,18.8125,1,-0.0,247
15.524999999999999,15.524999999999999,21.5,0,0.0,248
18.112499999999997,15.524999999999999,24.1875,0,0.0,249
18.112499999999997,18.112499999999997,26.875,0,0.0,250
15.524999999999999,18.112499999999997,29.5625,1,0.0,251
15.524999999999999,15.524999999999999,32.25,0,0.0,252
18.112499999999997,15.524999999999999,34.9375,0,0.0,253
18.112499999999997,18.112499999999997,37.625,0,0.0,254
15.524999999999999,18.112499999999997,40.3125,-1,-0.0,255
