Lx=8
Lz=8
0.0,0.0,0.0,-1,0.0,0
2.5875,0.0,2.6875,0,0.0,1
2.5875,2.5875,5.375,-1,-0.0,2
0.0,2.5875,8.0625,0,0.0,3
0.0,0.0,10.75,0,0.0,4
2.5875,0.0,13.4375,0,0.0,5
2.5875,2.5875,16.125,0,0.0,6
0.0,2.5875,18.8125,0,0.0,7
0.0,0.0,21.5,1,0.0,8
2.5875,0.0,24.1875,0,0.0,9
2.5875,2.5875,26.875,0,0.0,10
0.0,2.5875,29.5625,1,0.0,11
0.0,0.0,32.25,1,-0.0,12
2.5875,0.0,34.9375,-1,-0.0,13
2.5875,2.5875,37.625,0,0.0,14
0.0,2.5875,40.3125,0,0.0,15
0.0,0.0,43.0,0,0.0,16
2.5875,0.0,45.6875,0,0.0,17
2.5875,2.5875,48.375,0,0.0,18
0.0,2.5875,51.0625,0,0.0,19
0.0,0.0,53.75,0,0.0,20
2.5875,0.0,56.4375,1,-0.0,21
2.5875,2.5875,59.125,0,0.0,22
0.0,2.5875,61.8125,-1,0.0,23
0.0,0.0,64.5,1,0.0,24
2.5875,0.0,67.1875,0,0.0,25
2.5875,2.5875,69.875,1,0.0,26
0.0,2.5875,72.5625,0,0.0,27
0.0,0.0,75.25,0,0.0,28
2.5875,0.0,77.9375,1,-0.0,29
2.5875,2.5875,80.625,0,0.0,30
0.0,2.5875,83.3125,0,0.0,31
0.0,5.175,0.0,0,0.0,32
2.5875,5.175,2.6875,0,0.0,33
2.5875,7.762499999999999,5.375,0,0.0,34
0.0,7.762499999999999,8.0625,0,0.0,35
0.0,5.175,10.75,0,0.0,36
2.5875,5.175,13.4375,0,0.0,37
2.5875,7.762499999999999,16.125,0,0.0,38
0.0,7.762499999999999,18.8125,1,-0.0,39
0.0,5.175,21.5,0,0.0,40
2.5875,5.175,24.1875,-1,0.0,41
2.5875,7.762499999999999,26.875,0,0.0,42
0.0,7.762499999999999,29.5625,0,0.0,43
0.0,5.175,32.25,0,0.0,44
2.5875,5.175,34.9375,0,0.0,45
2.5875,7.762499999999999,37.625,1,0.0,46
0.0,7.762499999999999,40.3125,-1,-0.0,47
0.0,5.175,43.0,0,0.0,48
2.5875,5.175,45.6875,0,0.0,49
2.5875,7.762499999999999,48.375,-1,0.0,50
0.0,7.762499999999999,51.0625,0,0.0,51
0.0,5.175,53.75,-1,-0.0,52
2.5875,5.175,56.4375,1,-0.0,53
2.5875,7.762499999999999,59.125,1,-0.0,54
0.0,7.762499999999999,61.8125,0,0.0,55
0.0,5.175,64.5,0,0.0,56
2.5875,5.175,67.1875,-1,-0.0,57
2.5875,7.762499999999999,69.875,0,0.0,58
0.0,7.762499999999999,72.5625,-1,0.0,59
0.0,5.175,75.25,0,0.0,60
2.5875,5.175,77.9375,0,0.0,61
2.5875,7.762499999999999,80.625,-1,0.0,62
0.0,7.762499999999999,83.3125,0,0.0,63
0.0,10.35,0.0,-1,-0.0,64
2.5875,10.35,2.6875,0,0.0,65
2.5875,12.9375,5.375,-1,-0.0,66
0.0,12.9375,8.0625,1,0.0,67
0.0,10.35,10.75,1,0.0,68
2.5875,10.35,13.4375,1,-0.0,69
2.5875,12.9375,16.125,0,0.0,70
0.0,12.9375,18.8125,0,0.0,71
0.0,10.35,21.5,0,0.0,72
2.5875,10.35,24.1875,0,0.0,73
2.5875,12.9375,26.875,0,0.0,74
0.0,12.9375,29.5625,0,0.0,75
0.0,10.35,32.25,1,-0.0,76
2.5875,10.35,34.9375,0,0.0,77
2.5875,12.9375,37.625,0,0.0,78
0.0,12.9375,40.3125,0,0.0,79
0.0,10.35,43.0,0,0.0,80
2.5875,10.35,45.6875,-1,-0.0,81
2.5875,12.9375,48.375,0,0.0,82
0.0,12.9375,51.0625,1,0.0,83
0.0,10.35,53.75,1,-0.0,84
2.5875,10.35,56.4375,0,0.0,85
2.5875,12.9375,59.125,1,-0.0,86
0.0,12.9375,61.8125,-1,0.0,87
0.0,10.35,64.5,0,0.0,88
2.5875,10.35,67.1875,0,0.0,89
2.5875,12.9375,69.875,1,0.0,90
0.0,12.9375,72.5625,1,0.0,91
0.0,10.35,75.25,-1,0.0,92
2.5875,10.35,77.9375,0,0.0,93
2.5875,12.9375,80.625,-1,-0.0,94
0.0,12.9375,83.3125,0,0.0,95
0.0,15.524999999999999,0.0,-1,0.0,96
2.5875,15.524999999999999,2.6875,1,0.0,97
2.5875,18.112499999999997,5.375,-1,0.0,98
0.0,18.112499999999997,8.0625,0,0.0,99
0.0,15.524999999999999,10.75,0,0.0,100
2.5875,15.524999999999999,13.4375,0,0.0,101
2.5875,18.112499999999997,16.125,0,0.0,102
0.0,18.112499999999997,18.8125,1,0.0,103
0.0,15.524999999999999,21.5,-1,0.0,104
2.5875,15.524999999999999,24.1875,0,0.0,105
2.5875,18.112499999999997,26.875,0,0.0,106
0.0,18.112499999999997,29.5625,0,0.0,107
0.0,15.524999999999999,32.25,0,0.0,108
2.5875,15.524999999999999,34.9375,-1,-0.0,109
2.5875,18.112499999999997,37.625,0,0.0,110
0.0,18.112499999999997,40.3125,0,0.0,111
0.0,15.524999999999999,43.0,0,0.0,112
2.5875,15.524999999999999,45.6875,0,0.0,113
2.5875,18.112499999999997,48.375,0,0.0,114
0.0,18.112499999999997,51.0625,0,0.0,115
0.0,15.524999999999999,53.75,0,0.0,116
2.5875,15.524999999999999,56.4375,0,0.0,117
2.5875,18.112499999999997,59.125,1,0.0,118
0.0,18.112499999999997,61.8125,1,-0.0,119
0.0,15.524999999999999,64.5,0,0.0,120
2.5875,15.524999999999999,67.1875,-1,0.0,121
2.5875,18.112499999999997,69.875,0,0.0,122
0.0,18.112499999999997,72.5625,0,0.0,123
0.0,15.524999999999999,75.25,0,0.0,124
2.5875,15.524999999999999,77.9375,0,0.0,125
2.5875,18.112499999999997,80.625,0,0.0,126
0.0,18.112499999999997,83.3125,0,0.0,127
0.0,20.7,0.0,-1,-0.0,128
2.5875,20.7,2.6875,-1,0.0,129
2.5875,23.287499999999998,5.375,1,-0.0,130
0.0,23.287499999999998,8.0625,-1,0.0,131
0.0,20.7,10.75,0,0.0,132
2.5875,20.7,13.4375,0,0.0,133
2.5875,23.287499999999998,16.125,0,0.0,134
0.0,23.287499999999998,18.8125,0,0.0,135
0.0,20.7,21.5,0,0.0,136
2.5875,20.7,24.1875,0,0.0,137
2.5875,23.287499999999998,26.875,1,-0.0,138
0.0,23.287499999999998,29.5625,0,0.0,139
0.0,20.7,32.25,0,0.0,140
2.5875,20.7,34.9375,0,0.0,141
2.5875,23.287499999999998,37.625,1,-0.0,142
0.0,23.287499999999998,40.3125,1,-0.0,143
0.0,20.7,43.0,-1,0.0,144
2.5875,20.7,45.6875,-1,0.0,145
2.5875,23.287499999999998,48.375,0,0.0,146
0.0,23.287499999999998,51.0625,-1,-0.0,147
0.0,20.7,53.75,0,0.0,148
2.5875,20.7,56.4375,0,0.0,149
2.5875,23.287499999999998,59.125,0,0.0,150
0.0,23.287499999999998,61.8125,0,0.0,151
0.0,20.7,64.5,0,0.0,152
2.5875,20.7,67.1875,0,0.0,153
2.5875,23.287499999999998,69.875,0,0.0,154
0.0,23.287499999999998,72.5625,0,0.0,155
0.0,20.7,75.25,-1,-0.0,156
2.5875,20.7,77.9375,1,-0.0,157
2.5875,23.287499999999998,80.625,-1,-0.0,158
0.0,23.287499999999998,83.3125,1,-0.0,159
0.0,25.875,0.0,1,0.0,160
2.5875,25.875,2.6875,0,0.0,161
2.5875,28.4625,5.375,1,0.0,162
0.0,28.4625,8.0625,0,0.0,163
0.0,25.875,10.75,0,0.0,164
2.5875,25.875,13.4375,-1,-0.0,165
2.5875,28.4625,16.125,-1,0.0,166
0.0,28.4625,18.8125,0,0.0,167
0.0,25.875,21.5,0,0.0,168
2.5875,25.875,24.1875,0,0.0,169
2.5875,28.4625,26.875,0,0.0,170
0.0,28.4625,29.5625,0,0.0,171
0.0,25.875,32.25,0,0.0,172
2.5875,25.875,34.9375,0,0.0,173
2.5875,28.4625,37.625,-1,0.0,174
0.0,28.4625,40.3125,0,0.0,175
0.0,25.875,43.0,0,0.0,176
2.5875,25.875,45.6875,1,-0.0,177
2.5875,28.4625,48.375,0,0.0,178
0.0,28.4625,51.0625,0,0.0,179
0.0,25.875,53.75,0,0.0,180
2.5875,25.875,56.4375,0,0.0,181
2.5875,28.4625,59.125,1,-0.0,182
0.0,28.4625,61.8125,0,0.0,183
0.0,25.875,64.5,0,0.0,184
2.5875,25.875,67.1875,1,-0.0,185
2.5875,28.4625,69.875,-1,-0.0,186
0.0,28.4625,72.5625,0,0.0,187
0.0,25.875,75.25,-1,0.0,188
2.5875,25.875,77.9375,0,0.0,189
2.5875,28.4625,80.625,1,0.0,190
0.0,28.4625,83.3125,0,0.0,191
0.0,31.049999999999997,0.0,0,0.0,192
2.5875,31.049999999999997,2.6875,0,0.0,193
2.5875,33.637499999999996,5.375,0,0.0,194
0.0,33.637499999999996,8.0625,0,0.0,195
0.0,31.049999999999997,10.75,-1,-0.0,196
2.5875,31.049999999999997,13.4375,0,0.0,197
2.5875,33.637499999999996,16.125,0,0.0,198
0.0,33.637499999999996,18.8125,0,0.0,199
0.0,31.049999999999997,21.5,0,0.0,200
2.5875,31.049999999999997,24.1875,0,0.0,201
2.5875,33.637499999999996,26.875,0,0.0,202
0.0,33.637499999999996,29.5625,0,0.0,203
0.0,31.049999999999997,32.25,1,0.0,204
2.5875,31.049999999999997,34.9375,0,0.0,205
2.5875,33.637499999999996,37.625,0,0.0,206
0.0,33.637499999999996,40.3125,0,0.0,207
0.0,31.049999999999997,43.0,0,0.0,208
2.5875,31.049999999999997,45.6875,0,0.0,209
2.5875,33.637499999999996,48.375,0,0.0,210
0.0,33.637499999999996,51.0625,-1,-0.0,211
0.0,31.049999999999997,53.75,-1,-0.0,212
2.5875,31.049999999999997,56.4375,0,0.0,213
2.5875,33.637499999999996,59.125,-1,-0.0,214
0.0,33.637499999999996,61.8125,0,0.0,215
0.0,31.049999999999997,64.5,0,0.0,216
2.5875,31.049999999999997,67.1875,0,0.0,217
2.5875,33.637499999999996,69.875,0,0.0,218
0.0,33.637499999999996,72.5625,0,0.0,219
0.0,31.049999999999997,75.25,0,0.0,220
2.5875,31.049999999999997,77.9375,-1,-0.0,221
2.5875,33.637499999999996,80.625,0,0.0,222
0.0,33.637499999999996,83.3125,1,0.0,223
0.0,36.225,0.0,1,-0.0,224
2.5875,36.225,2.6875,0,0.0,225
2.5875,38.8125,5.375,-1,0.0,226
0.0,38.8125,8.0625,0,0.0,227
0.0,36.225,10.75,0,0.0,228
2.5875,36.225,13.4375,0,0.0,229
2.5875,38.8125,16.125,0,0.0,230
0.0,38.8125,18.8125,0,0.0,231
0.0,36.225,21.5,0,0.0,232
2.5875,36.225,24.1875,0,0.0,233
2.5875,38.8125,26.875,0,0.0,234
0.0,38.8125,29.5625,0,0.0,235
0.0,36.225,32.25,0,0.0,236
2.5875,36.225,34.9375,0,0.0,237
2.5875,38.8125,37.625,0,0.0,238
0.0,38.8125,40.3125,1,0.0,239
0.0,36.225,43.0,0,0.0,240
2.5875,36.225,45.6875,-1,-0.0,241
2.5875,38.8125,48.375,0,0.0,242
0.0,38.8125,51.0625,0,0.0,243
0.0,36.225,53.75,0,0.0,244
2.5875,36.225,56.4375,0,0.0,245
2.5875,38.8125,59.125,0,0.0,246
0.0,38.8125,61.8125,0,0.0,247
0.0,36.225,64.5,0,0.0,248
2.5875,36.225,67.1875,0,0.0,249
2.5875,38.8125,69.875,0,0.0,250
0.0,38.8125,72.5625,-1,0.0,251
0.0,36.225,75.25,0,0.0,252
2.5875,36.225,77.9375,-1,-0.0,253
2.5875,38.8125,80.625,0,0.0,254
0.0,38.8125,83.3125,0,0.0,255
5.175,0.0,0.0,-1,-0.0,256
7.762499999999999,0.0,2.6875,0,0.0,257
7.762499999999999,2.5875,5.375,0,0.0,258
5.175,2.5875,8.0625,0,0.0,259
5.175,0.0,10.75,1,0.0,260
7.762499999999999,0.0,13.4375,0,0.0,261
7.762499999999999,2.5875,16.125,0,0.0,262
5.175,2.5875,18.8125,0,0.0,263
5.175,0.0,21.5,1,-0.0,264
7.762499999999999,0.0,24.1875,0,0.0,265
7.762499999999999,2.5875,26.875,0,0.0,266
5.175,2.5875,29.5625,0,0.0,267
5.175,0.0,32.25,1,0.0,268
7.762499999999999,0.0,34.9375,-1,0.0,269
7.762499999999999,2.5875,37.625,1,0.0,270
5.175,2.5875,40.3125,-1,-0.0,271
5.175,0.0,43.0,0,0.0,272
7.762499999999999,0.0,45.6875,0,0.0,273
7.762499999999999,2.5875,48.375,-1,-0.0,274
5.175,2.5875,51.0625,0,0.0,275
5.175,0.0,53.75,1,-0.0,276
7.762499999999999,0.0,56.4375,0,0.0,277
7.762499999999999,2.5875,59.125,-1,0.0,278
5.175,2.5875,61.8125,-1,-0.0,279
5.175,0.0,64.5,0,0.0,280
7.762499999999999,0.0,67.1875,0,0.0,281
7.762499999999999,2.5875,69.875,0,0.0,282
5.175,2.5875,72.5625,1,-0.0,283
5.175,0.0,75.25,0,0.0,284
7.762499999999999,0.0,77.9375,0,0.0,285
7.762499999999999,2.5875,80.625,0,0.0,286
5.175,2.5875,83.3125,-1,0.0,287
5.175,5.175,0.0,0,0.0,288
7.762499999999999,5.175,2.6875,-1,0.0,289
7.762499999999999,7.762499999999999,5.375,0,0.0,290
5.175,7.762499999999999,8.0625,-1,0.0,291
5.175,5.175,10.75,0,0.0,292
7.762499999999999,5.175,13.4375,0,0.0,293
7.762499999999999,7.762499999999999,16.125,0,0.0,294
5.175,7.762499999999999,18.8125,0,0.0,295
5.175,5.175,21.5,0,0.0,296
7.762499999999999,5.175,24.1875,0,0.0,297
7.762499999999999,7.762499999999999,26.875,0,0.0,298
5.175,7.762499999999999,29.5625,-1,0.0,299
5.175,5.175,32.25,0,0.0,300
7.762499999999999,5.175,34.9375,0,0.0,301
7.762499999999999,7.762499999999999,37.625,0,0.0,302
5.175,7.762499999999999,40.3125,0,0.0,303
5.175,5.175,43.0,0,0.0,304
7.762499999999999,5.175,45.6875,0,0.0,305
7.762499999999999,7.762499999999999,48.375,0,0.0,306
5.175,7.762499999999999,51.0625,0,0.0,307
5.175,5.175,53.75,0,0.0,308
7.762499999999999,5.175,56.4375,0,0.0,309
7.762499999999999,7.762499999999999,59.125,0,0.0,310
5.175,7.762499999999999,61.8125,0,0.0,311
5.175,5.175,64.5,0,0.0,312
7.762499999999999,5.175,67.1875,0,0.0,313
7.762499999999999,7.762499999999999,69.875,0,0.0,314
5.175,7.762499999999999,72.5625,0,0.0,315
5.175,5.175,75.25,0,0.0,316
7.762499999999999,5.175,77.9375,0,0.0,317
7.762499999999999,7.762499999999999,80.625,0,0.0,318
5.175,7.762499999999999,83.3125,0,0.0,319
5.175,10.35,0.0,0,0.0,320
7.762499999999999,10.35,2.6875,-1,-0.0,321
7.762499999999999,12.9375,5.375,0,0.0,322
5.175,12.9375,8.0625,0,0.0,323
5.175,10.35,10.75,0,0.0,324
7.762499999999999,10.35,13.4375,0,0.0,325
7.762499999999999,12.9375,16.125,0,0.0,326
5.175,12.9375,18.8125,0,0.0,327
5.175,10.35,21.5,0,0.0,328
7.762499999999999,10.35,24.1875,0,0.0,329
7.762499999999999,12.9375,26.875,-1,0.0,330
5.175,12.9375,29.5625,0,0.0,331
5.175,10.35,32.25,0,0.0,332
7.762499999999999,10.35,34.9375,0,0.0,333
7.762499999999999,12.9375,37.625,0,0.0,334
5.175,12.9375,40.3125,0,0.0,335
5.175,10.35,43.0,0,0.0,336
7.762499999999999,10.35,45.6875,-1,0.0,337
7.762499999999999,12.9375,48.375,0,0.0,338
5.175,12.9375,51.0625,0,0.0,339
5.175,10.35,53.75,0,0.0,340
7.762499999999999,10.35,56.4375,0,0.0,341
7.762499999999999,12.9375,59.125,0,0.0,342
5.175,12.9375,61.8125,1,0.0,343
5.175,10.35,64.5,-1,-0.0,344
7.762499999999999,10.35,67.1875,0,0.0,345
7.762499999999999,12.9375,69.875,0,0.0,346
5.175,12.9375,72.5625,-1,-0.0,347
5.175,10.35,75.25,0,0.0,348
7.762499999999999,10.35,77.9375,0,0.0,349
7.762499999999999,12.9375,80.625,1,0.0,350
5.175,12.9375,83.3125,0,0.0,351
5.175,15.524999999999999,0.0,0,0.0,352
7.762499999999999,15.524999999999999,2.6875,0,0.0,353
7.762499999999999,18.112499999999997,5.375,0,0.0,354
5.175,18.112499999999997,8.0625,1,0.0,355
5.175,15.524999999999999,10.75,0,0.0,356
7.762499999999999,15.524999999999999,13.4375,-1,-0.0,357
7.762499999999999,18.112499999999997,16.125,0,0.0,358
5.175,18.112499999999997,18.8125,0,0.0,359
5.175,15.524999999999999,21.5,0,0.0,360
7.762499999999999,15.524999999999999,24.1875,-1,-0.0,361
7.762499999999999,18.112499999999997,26.875,-1,0.0,362
5.175,18.112499999999997,29.5625,-1,0.0,363
5.175,15.524999999999999,32.25,0,0.0,364
7.762499999999999,15.524999999999999,34.9375,-1,0.0,365
7.762499999999999,18.112499999999997,37.625,1,-0.0,366
5.175,18.112499999999997,40.3125,-1,-0.0,367
5.175,15.524999999999999,43.0,0,0.0,368
7.762499999999999,15.524999999999999,45.6875,0,0.0,369
7.762499999999999,18.112499999999997,48.375,0,0.0,370
5.175,18.112499999999997,51.0625,1,-0.0,371
5.175,15.524999999999999,53.75,1,0.0,372
7.762499999999999,15.524999999999999,56.4375,0,0.0,373
7.762499999999999,18.112499999999997,59.125,-1,-0.0,374
5.175,18.112499999999997,61.8125,1,0.0,375
5.175,15.524999999999999,64.5,-1,0.0,376
7.762499999999999,15.524999999999999,67.1875,1,0.0,377
7.762499999999999,18.112499999999997,69.875,0,0.0,378
5.175,18.112499999999997,72.5625,0,0.0,379
5.175,15.524999999999999,75.25,0,0.0,380
7.762499999999999,15.524999999999999,77.9375,0,0.0,381
7.762499999999999,18.112499999999997,80.625,-1,0.0,382
5.175,18.112499999999997,83.3125,-1,-0.0,383
5.175,20.7,0.0,-1,0.0,384
7.762499999999999,20.7,2.6875,1,-0.0,385
7.762499999999999,23.287499999999998,5.375,0,0.0,386
5.175,23.287499999999998,8.0625,0,0.0,387
5.175,20.7,10.75,0,0.0,388
7.762499999999999,20.7,13.4375,0,0.0,389
7.762499999999999,23.287499999999998,16.125,0,0.0,390
5.175,23.287499999999998,18.8125,1,-0.0,391
5.175,20.7,21.5,0,0.0,392
7.762499999999999,20.7,24.1875,0,0.0,393
7.762499999999999,23.287499999999998,26.875,1,0.0,394
5.175,23.287499999999998,29.5625,1,-0.0,395
5.175,20.7,32.25,0,0.0,396
7.762499999999999,20.7,34.9375,0,0.0,397
7.762499999999999,23.287499999999998,37.625,0,0.0,398
5.175,23.287499999999998,40.3125,0,0.0,399
5.175,20.7,43.0,1,0.0,400
7.762499999999999,20.7,45.6875,0,0.0,401
7.762499999999999,23.287499999999998,48.375,0,0.0,402
5.175,23.287499999999998,51.0625,0,0.0,403
5.175,20.7,53.75,0,0.0,404
7.762499999999999,20.7,56.4375,0,0.0,405
7.762499999999999,23.287499999999998,59.125,0,0.0,406
5.175,23.287499999999998,61.8125,0,0.0,407
5.175,20.7,64.5,0,0.0,408
7.762499999999999,20.7,67.1875,0,0.0,409
7.762499999999999,23.287499999999998,69.875,-1,-0.0,410
5.175,23.287499999999998,72.5625,0,0.0,411
5.175,20.7,75.25,-1,-0.0,412
7.762499999999999,20.7,77.9375,0,0.0,413
7.762499999999999,23.287499999999998,80.625,-1,0.0,414
5.175,23.287499999999998,83.3125,0,0.0,415
5.175,25.875,0.0,-1,0.0,416
7.762499999999999,25.875,2.6875,0,0.0,417
7.762499999999999,28.4625,5.375,-1,0.0,418
5.175,28.4625,8.0625,1,-0.0,419
5.175,25.875,10.75,0,0.0,420
7.762499999999999,25.875,13.4375,0,0.0,421
7.762499999999999,28.4625,16.125,1,-0.0,422
5.175,28.4625,18.8125,0,0.0,423
5.175,25.875,21.5,0,0.0,424
7.762499999999999,25.875,24.1875,0,0.0,425
7.762499999999999,28.4625,26.875,0,0.0,426
5.175,28.4625,29.5625,-1,-0.0,427
5.175,25.875,32.25,0,0.0,428
7.762499999999999,25.875,34.9375,0,0.0,429
7.762499999999999,28.4625,37.625,0,0.0,430
5.175,28.4625,40.3125,0,0.0,431
5.175,25.875,43.0,1,0.0,432
7.762499999999999,25.875,45.6875,0,0.0,433
7.762499999999999,28.4625,48.375,0,0.0,434
5.175,28.4625,51.0625,-1,0.0,435
5.175,25.875,53.75,-1,-0.0,436
7.762499999999999,25.875,56.4375,-1,0.0,437
7.762499999999999,28.4625,59.125,0,0.0,438
5.175,28.4625,61.8125,-1,0.0,439
5.175,25.875,64.5,1,-0.0,440
7.762499999999999,25.875,67.1875,1,-0.0,441
7.762499999999999,28.4625,69.875,0,0.0,442
5.175,28.4625,72.5625,0,0.0,443
5.175,25.875,75.25,0,0.0,444
7.762499999999999,25.875,77.9375,0,0.0,445
7.762499999999999,28.4625,80.625,-1,0.0,446
5.175,28.4625,83.3125,0,0.0,447
5.175,31.049999999999997,0.0,0,0.0,448
7.762499999999999,31.049999999999997,2.6875,0,0.0,449
7.762499999999999,33.637499999999996,5.375,0,0.0,450
5.175,33.637499999999996,8.0625,0,0.0,451
5.175,31.049999999999997,10.75,0,0.0,452
7.762499999999999,31.049999999999997,13.4375,-1,0.0,453
7.762499999999999,33.637499999999996,16.125,0,0.0,454
5.175,33.637499999999996,18.8125,0,0.0,455
5.175,31.049999999999997,21.5,0,0.0,456
7.762499999999999,31.049999999999997,24.1875,0,0.0,457
7.762499999999999,33.637499999999996,26.875,0,0.0,458
5.175,33.637499999999996,29.5625,0,0.0,459
5.175,31.049999999999997,32.25,-1,-0.0,460
7.762499999999999,31.049999999999997,34.9375,0,0.0,461
7.762499999999999,33.637499999999996,37.625,0,0.0,462
5.175,33.637499999999996,40.3125,1,0.0,463
5.175,31.049999999999997,43.0,0,0.0,464
7.762499999999999,31.049999999999997,45.6875,-1,-0.0,465
7.762499999999999,33.637499999999996,48.375,0,0.0,466
5.175,33.637499999999996,51.0625,1,-0.0,467
5.175,31.049999999999997,53.75,0,0.0,468
7.762499999999999,31.049999999999997,56.4375,0,0.0,469
7.762499999999999,33.637499999999996,59.125,0,0.0,470
5.175,33.637499999999996,61.8125,0,0.0,471
5.175,31.049999999999997,64.5,1,-0.0,472
7.762499999999999,31.049999999999997,67.1875,0,0.0,473
7.762499999999999,33.637499999999996,69.875,0,0.0,474
5.175,33.637499999999996,72.5625,-1,0.0,475
5.175,31.049999999999997,75.25,0,0.0,476
7.762499999999999,31.049999999999997,77.9375,0,0.0,477
7.762499999999999,33.637499999999996,80.625,0,0.0,478
5.175,33.637499999999996,83.3125,-1,-0.0,479
5.175,36.225,0.0,0,0.0,480
7.762499999999999,36.225,2.6875,-1,0.0,481
7.762499999999999,38.8125,5.375,0,0.0,482
5.175,38.8125,8.0625,0,0.0,483
5.175,36.225,10.75,-1,0.0,484
7.762499999999999,36.225,13.4375,0,0.0,485
7.762499999999999,38.8125,16.125,-1,0.0,486
5.175,38.8125,18.8125,0,0.0,487
5.175,36.225,21.5,0,0.0,488
7.762499999999999,36.225,24.1875,0,0.0,489
7.762499999999999,38.8125,26.875,0,0.0,490
5.175,38.8125,29.5625,0,0.0,491
5.175,36.225,32.25,0,0.0,492
7.762499999999999,36.225,34.9375,1,0.0,493
7.762499999999999,38.8125,37.625,0,0.0,494
5.175,38.8125,40.3125,0,0.0,495
5.175,36.225,43.0,0,0.0,496
7.762499999999999,36.225,45.6875,0,0.0,497
7.762499999999999,38.8125,48.375,0,0.0,498
5.175,38.8125,51.0625,0,0.0,499
5.175,36.225,53.75,0,0.0,500
7.762499999999999,36.225,56.4375,0,0.0,501
7.762499999999999,38.8125,59.125,0,0.0,502
5.175,38.8125,61.8125,-1,-0.0,503
5.175,36.225,64.5,0,0.0,504
7.762499999999999,36.225,67.1875,1,-0.0,505
7.762499999999999,38.8125,69.875,0,0.0,506
5.175,38.8125,72.5625,0,0.0,507
5.175,36.225,75.25,-1,-0.0,508
7.762499999999999,36.225,77.9375,1,-0.0,509
7.762499999999999,38.8125,80.625,1,-0.0,510
5.175,38.8125,83.3125,0,0.0,511
10.35,0.0,0.0,-1,-0.0,512
12.9375,0.0,2.6875,0,0.0,513
12.9375,2.5875,5.375,0,0.0,514
10.35,2.5875,8.0625,0,0.0,515
10.35,0.0,10.75,-1,0.0,516
12.9375,0.0,13.4375,0,0.0,517
12.9375,2.5875,16.125,0,0.0,518
10.35,2.5875,18.8125,0,0.0,519
10.35,0.0,21.5,0,0.0,520
12.9375,0.0,24.1875,0,0.0,521
12.9375,2.5875,26.875,0,0.0,522
10.35,2.5875,29.5625,-1,-0.0,523
10.35,0.0,32.25,0,0.0,524
12.9375,0.0,34.9375,0,0.0,525
12.9375,2.5875,37.625,0,0.0,526
10.35,2.5875,40.3125,0,0.0,527
10.35,0.0,43.0,0,0.0,528
12.9375,0.0,45.6875,0,0.0,529
12.9375,2.5875,48.375,1,-0.0,530
10.35,2.5875,51.0625,-1,0.0,531
10.35,0.0,53.75,1,0.0,532
12.9375,0.0,56.4375,0,0.0,533
12.9375,2.5875,59.125,0,0.0,534
10.35,2.5875,61.8125,0,0.0,535
10.35,0.0,64.5,0,0.0,536
12.9375,0.0,67.1875,0,0.0,537
12.9375,2.5875,69.875,0,0.0,538
10.35,2.5875,72.5625,0,0.0,539
10.35,0.0,75.25,0,0.0,540
12.9375,0.0,77.9375,0,0.0,541
12.9375,2.5875,80.625,1,-0.0,542
10.35,2.5875,83.3125,0,0.0,543
10.35,5.175,0.0,-1,0.0,544
12.9375,5.175,2.6875,0,0.0,545
12.9375,7.762499999999999,5.375,-1,0.0,546
10.35,7.762499999999999,8.0625,0,0.0,547
10.35,5.175,10.75,0,0.0,548
12.9375,5.175,13.4375,0,0.0,549
12.9375,7.762499999999999,16.125,0,0.0,550
10.35,7.762499999999999,18.8125,0,0.0,551
10.35,5.175,21.5,0,0.0,552
12.9375,5.175,24.1875,0,0.0,553
12.9375,7.762499999999999,26.875,0,0.0,554
10.35,7.762499999999999,29.5625,-1,-0.0,555
10.35,5.175,32.25,0,0.0,556
12.9375,5.175,34.9375,0,0.0,557
12.9375,7.762499999999999,37.625,0,0.0,558
10.35,7.762499999999999,40.3125,0,0.0,559
10.35,5.175,43.0,0,0.0,560
12.9375,5.175,45.6875,0,0.0,561
12.9375,7.762499999999999,48.375,-1,0.0,562
10.35,7.762499999999999,51.0625,0,0.0,563
10.35,5.175,53.75,0,0.0,564
12.9375,5.175,56.4375,1,-0.0,565
12.9375,7.762499999999999,59.125,0,0.0,566
10.35,7.762499999999999,61.8125,0,0.0,567
10.35,5.175,64.5,-1,-0.0,568
12.9375,5.175,67.1875,1,-0.0,569
12.9375,7.762499999999999,69.875,0,0.0,570
10.35,7.762499999999999,72.5625,0,0.0,571
10.35,5.175,75.25,0,0.0,572
12.9375,5.175,77.9375,0,0.0,573
12.9375,7.762499999999999,80.625,0,0.0,574
10.35,7.762499999999999,83.3125,-1,-0.0,575
10.35,10.35,0.0,1,0.0,576
12.9375,10.35,2.6875,0,0.0,577
12.9375,12.9375,5.375,0,0.0,578
10.35,12.9375,8.0625,0,0.0,579
10.35,10.35,10.75,0,0.0,580
12.9375,10.35,13.4375,0,0.0,581
12.9375,12.9375,16.125,-1,0.0,582
10.35,12.9375,18.8125,0,0.0,583
10.35,10.35,21.5,0,0.0,584
12.9375,10.35,24.1875,1,-0.0,585
12.9375,12.9375,26.875,0,0.0,586
10.35,12.9375,29.5625,1,-0.0,587
10.35,10.35,32.25,0,0.0,588
12.9375,10.35,34.9375,-1,0.0,589
12.9375,12.9375,37.625,-1,0.0,590
10.35,12.9375,40.3125,0,0.0,591
10.35,10.35,43.0,0,0.0,592
12.9375,10.35,45.6875,-1,0.0,593
12.9375,12.9375,48.375,0,0.0,594
10.35,12.9375,51.0625,0,0.0,595
10.35,10.35,53.75,-1,-0.0,596
12.9375,10.35,56.4375,1,0.0,597
12.9375,12.9375,59.125,0,0.0,598
10.35,12.9375,61.8125,0,0.0,599
10.35,10.35,64.5,0,0.0,600
12.9375,10.35,67.1875,0,0.0,601
12.9375,12.9375,69.875,-1,0.0,602
10.35,12.9375,72.5625,-1,-0.0,603
10.35,10.35,75.25,0,0.0,604
12.9375,10.35,77.9375,1,-0.0,605
12.9375,12.9375,80.625,0,0.0,606
10.35,12.9375,83.3125,0,0.0,607
10.35,15.524999999999999,0.0,-1,-0.0,608
12.9375,15.524999999999999,2.6875,-1,-0.0,609
12.9375,18.112499999999997,5.375,0,0.0,610
10.35,18.112499999999997,8.0625,0,0.0,611
10.35,15.524999999999999,10.75,0,0.0,612
12.9375,15.524999999999999,13.4375,0,0.0,613
12.9375,18.112499999999997,16.125,0,0.0,614
10.35,18.112499999999997,18.8125,0,0.0,615
10.35,15.524999999999999,21.5,0,0.0,616
12.9375,15.524999999999999,24.1875,0,0.0,617
12.9375,18.112499999999997,26.875,0,0.0,618
10.35,18.112499999999997,29.5625,1,-0.0,619
10.35,15.524999999999999,32.25,1,-0.0,620
12.9375,15.524999999999999,34.9375,1,-0.0,621
12.9375,18.112499999999997,37.625,0,0.0,622
10.35,18.112499999999997,40.3125,0,0.0,623
10.35,15.524999999999999,43.0,0,0.0,624
12.9375,15.524999999999999,45.6875,0,0.0,625
12.9375,18.112499999999997,48.375,0,0.0,626
10.35,18.112499999999997,51.0625,0,0.0,627
10.35,15.524999999999999,53.75,0,0.0,628
12.9375,15.524999999999999,56.4375,0,0.0,629
12.9375,18.112499999999997,59.125,0,0.0,630
10.35,18.112499999999997,61.8125,0,0.0,631
10.35,15.524999999999999,64.5,0,0.0,632
12.9375,15.524999999999999,67.1875,-1,-0.0,633
12.9375,18.112499999999997,69.875,0,0.0,634
10.35,18.112499999999997,72.5625,1,-0.0,635
10.35,15.524999999999999,75.25,1,-0.0,636
12.9375,15.524999999999999,77.9375,1,-0.0,637
12.9375,18.112499999999997,80.625,-1,-0.0,638
10.35,18.112499999999997,83.3125,0,0.0,639
10.35,20.7,0.0,-1,-0.0,640
12.9375,20.7,2.6875,-1,-0.0,641
12.9375,23.287499999999998,5.375,0,0.0,642
10.35,23.287499999999998,8.0625,0,0.0,643
10.35,20.7,10.75,0,0.0,644
12.9375,20.7,13.4375,-1,0.0,645
12.9375,23.287499999999998,16.125,0,0.0,646
10.35,23.287499999999998,18.8125,0,0.0,647
10.35,20.7,21.5,1,0.0,648
12.9375,20.7,24.1875,1,-0.0,649
12.9375,23.287499999999998,26.875,0,0.0,650
10.35,23.287499999999998,29.5625,0,0.0,651
10.35,20.7,32.25,0,0.0,652
12.9375,20.7,34.9375,1,-0.0,653
12.9375,23.287499999999998,37.625,1,-0.0,654
10.35,23.287499999999998,40.3125,0,0.0,655
10.35,20.7,43.0,1,-0.0,656
12.9375,20.7,45.6875,1,-0.0,657
12.9375,23.287499999999998,48.375,0,0.0,658
10.35,23.287499999999998,51.0625,0,0.0,659
10.35,20.7,53.75,0,0.0,660
12.9375,20.7,56.4375,0,0.0,661
12.9375,23.287499999999998,59.125,0,0.0,662
10.35,23.287499999999998,61.8125,1,0.0,663
10.35,20.7,64.5,0,0.0,664
12.9375,20.7,67.1875,-1,0.0,665
12.9375,23.287499999999998,69.875,0,0.0,666
10.35,23.287499999999998,72.5625,0,0.0,667
10.35,20.7,75.25,0,0.0,668
12.9375,20.7,77.9375,1,0.0,669
12.9375,23.287499999999998,80.625,0,0.0,670
10.35,23.287499999999998,83.3125,0,0.0,671
10.35,25.875,0.0,0,0.0,672
12.9375,25.875,2.6875,0,0.0,673
12.9375,28.4625,5.375,0,0.0,674
10.35,28.4625,8.0625,0,0.0,675
10.35,25.875,10.75,-1,-0.0,676
12.9375,25.875,13.4375,0,0.0,677
12.9375,28.4625,16.125,1,0.0,678
10.35,28.4625,18.8125,0,0.0,679
10.35,25.875,21.5,0,0.0,680
12.9375,25.875,24.1875,0,0.0,681
12.9375,28.4625,26.875,0,0.0,682
10.35,28.4625,29.5625,-1,0.0,683
10.35,25.875,32.25,-1,-0.0,684
12.9375,25.875,34.9375,0,0.0,685
12.9375,28.4625,37.625,0,0.0,686
10.35,28.4625,40.3125,0,0.0,687
10.35,25.875,43.0,0,0.0,688
12.9375,25.875,45.6875,0,0.0,689
12.9375,28.4625,48.375,0,0.0,690
10.35,28.4625,51.0625,0,0.0,691
10.35,25.875,53.75,0,0.0,692
12.9375,25.875,56.4375,0,0.0,693
12.9375,28.4625,59.125,0,0.0,694
10.35,28.4625,61.8125,-1,-0.0,695
10.35,25.875,64.5,-1,-0.0,696
12.9375,25.875,67.1875,1,0.0,697
12.9375,28.4625,69.875,-1,0.0,698
10.35,28.4625,72.5625,0,0.0,699
10.35,25.875,75.25,0,0.0,700
12.9375,25.875,77.9375,0,0.0,701
12.9375,28.4625,80.625,0,0.0,702
10.35,28.4625,83.3125,0,0.0,703
10.35,31.049999999999997,0.0,0,0.0,704
12.9375,31.049999999999997,2.6875,0,0.0,705
12.9375,33.637499999999996,5.375,-1,0.0,706
10.35,33.637499999999996,8.0625,-1,0.0,707
10.35,31.049999999999997,10.75,0,0.0,708
12.9375,31.049999999999997,13.4375,0,0.0,709
12.9375,33.637499999999996,16.125,0,0.0,710
10.35,33.637499999999996,18.8125,-1,0.0,711
10.35,31.049999999999997,21.5,-1,-0.0,712
12.9375,31.049999999999997,24.1875,1,-0.0,713
12.9375,33.637499999999996,26.875,-1,-0.0,714
10.35,33.637499999999996,29.5625,0,0.0,715
10.35,31.049999999999997,32.25,-1,0.0,716
12.9375,31.049999999999997,34.9375,0,0.0,717
12.9375,33.637499999999996,37.625,0,0.0,718
10.35,33.637499999999996,40.3125,0,0.0,719
10.35,31.049999999999997,43.0,1,-0.0,720
12.9375,31.049999999999997,45.6875,0,0.0,721
12.9375,33.637499999999996,48.375,0,0.0,722
10.35,33.637499999999996,51.0625,-1,-0.0,723
10.35,31.049999999999997,53.75,-1,0.0,724
12.9375,31.049999999999997,56.4375,0,0.0,725
12.9375,33.637499999999996,59.125,0,0.0,726
10.35,33.637499999999996,61.8125,0,0.0,727
10.35,31.049999999999997,64.5,1,-0.0,728
12.9375,31.049999999999997,67.1875,-1,-0.0,729
12.9375,33.637499999999996,69.875,0,0.0,730
10.35,33.637499999999996,72.5625,-1,-0.0,731
10.35,31.049999999999997,75.25,0,0.0,732
12.9375,31.049999999999997,77.9375,0,0.0,733
12.9375,33.637499999999996,80.625,0,0.0,734
10.35,33.637499999999996,83.3125,0,0.0,735
10.35,36.225,0.0,1,0.0,736
12.9375,36.225,2.6875,-1,-0.0,737
12.9375,38.8125,5.375,-1,-0.0,738
10.35,38.8125,8.0625,0,0.0,739
10.35,36.225,10.75,0,0.0,740
12.9375,36.225,13.4375,0,0.0,741
12.9375,38.8125,16.125,1,-0.0,742
10.35,38.8125,18.8125,-1,0.0,743
10.35,36.225,21.5,0,0.0,744
12.9375,36.225,24.1875,0,0.0,745
12.9375,38.8125,26.875,-1,0.0,746
10.35,38.8125,29.5625,0,0.0,747
10.35,36.225,32.25,0,0.0,748
12.9375,36.225,34.9375,-1,-0.0,749
12.9375,38.8125,37.625,0,0.0,750
10.35,38.8125,40.3125,0,0.0,751
10.35,36.225,43.0,0,0.0,752
12.9375,36.225,45.6875,0,0.0,753
12.9375,38.8125,48.375,1,0.0,754
10.35,38.8125,51.0625,0,0.0,755
10.35,36.225,53.75,-1,-0.0,756
12.9375,36.225,56.4375,-1,-0.0,757
12.9375,38.8125,59.125,0,0.0,758
10.35,38.8125,61.8125,0,0.0,759
10.35,36.225,64.5,0,0.0,760
12.9375,36.225,67.1875,0,0.0,761
12.9375,38.8125,69.875,0,0.0,762
10.35,38.8125,72.5625,1,0.0,763
10.35,36.225,75.25,0,0.0,764
12.9375,36.225,77.9375,0,0.0,765
12.9375,38.8125,80.625,-1,-0.0,766
10.35,38.8125,83.3125,1,0.0,767
15.524999999999999,0.0,0.0,0,0.0,768
18.112499999999997,0.0,2.6875,0,0.0,769
18.112499999999997,2.5875,5.375,0,0.0,770
15.524999999999999,2.5875,8.0625,0,0.0,771
15.524999999999999,0.0,10.75,0,0.0,772
18.112499999999997,0.0,13.4375,0,0.0,773
18.112499999999997,2.5875,16.125,0,0.0,774
15.524999999999999,2.5875,18.8125,0,0.0,775
15.524999999999999,0.0,21.5,0,0.0,776
18.112499999999997,0.0,24.1875,-1,-0.0,777
18.112499999999997,2.5875,26.875,1,0.0,778
15.524999999999999,2.5875,29.5625,-1,-0.0,779
15.524999999999999,0.0,32.25,0,0.0,780
18.112499999999997,0.0,34.9375,1,0.0,781
18.112499999999997,2.5875,37.625,0,0.0,782
15.524999999999999,2.5875,40.3125,0,0.0,783
15.524999999999999,0.0,43.0,0,0.0,784
18.112499999999997,0.0,45.6875,0,0.0,785
18.112499999999997,2.5875,48.375,0,0.0,786
15.524999999999999,2.5875,51.0625,0,0.0,787
15.524999999999999,0.0,53.75,-1,0.0,788
18.112499999999997,0.0,56.4375,1,0.0,789
18.112499999999997,2.5875,59.125,-1,0.0,790
15.524999999999999,2.5875,61.8125,0,0.0,791
15.524999999999999,0.0,64.5,0,0.0,792
18.112499999999997,0.0,67.1875,0,0.0,793
18.112499999999997,2.5875,69.875,0,0.0,794
15.524999999999999,2.5875,72.5625,0,0.0,795
15.524999999999999,0.0,75.25,1,-0.0,796
18.112499999999997,0.0,77.9375,-1,0.0,797
18.112499999999997,2.5875,80.625,0,0.0,798
15.524999999999999,2.5875,83.3125,0,0.0,799
15.524999999999999,5.175,0.0,0,0.0,800
18.112499999999997,5.175,2.6875,1,-0.0,801
18.112499999999997,7.762499999999999,5.375,1,0.0,802
15.524999999999999,7.762499999999999,8.0625,0,0.0,803
15.524999999999999,5.175,10.75,0,0.0,804
18.112499999999997,5.175,13.4375,0,0.0,805
18.112499999999997,7.762499999999999,16.125,0,0.0,806
15.524999999999999,7.762499999999999,18.8125,1,0.0,807
15.524999999999999,5.175,21.5,0,0.0,808
18.112499999999997,5.175,24.1875,1,0.0,809
18.112499999999997,7.762499999999999,26.875,1,-0.0,810
15.524999999999999,7.762499999999999,29.5625,0,0.0,811
15.524999999999999,5.175,32.25,0,0.0,812
18.112499999999997,5.175,34.9375,0,0.0,813
18.112499999999997,7.762499999999999,37.625,-1,0.0,814
15.524999999999999,7.762499999999999,40.3125,-1,0.0,815
15.524999999999999,5.175,43.0,1,-0.0,816
18.112499999999997,5.175,45.6875,0,0.0,817
18.112499999999997,7.762499999999999,48.375,-1,0.0,818
15.524999999999999,7.762499999999999,51.0625,0,0.0,819
15.524999999999999,5.175,53.75,1,-0.0,820
18.112499999999997,5.175,56.4375,0,0.0,821
18.112499999999997,7.762499999999999,59.125,0,0.0,822
15.524999999999999,7.762499999999999,61.8125,1,0.0,823
15.524999999999999,5.175,64.5,1,-0.0,824
18.112499999999997,5.175,67.1875,-1,-0.0,825
18.112499999999997,7.762499999999999,69.875,0,0.0,826
15.524999999999999,7.762499999999999,72.5625,0,0.0,827
15.524999999999999,5.175,75.25,-1,0.0,828
18.112499999999997,5.175,77.9375,0,0.0,829
18.112499999999997,7.762499999999999,80.625,0,0.0,830
15.524999999999999,7.762499999999999,83.3125,0,0.0,831
15.524999999999999,10.35,0.0,0,0.0,832
18.112499999999997,10.35,2.6875,0,0.0,833
18.112499999999997,12.9375,5.375,0,0.0,834
15.524999999999999,12.9375,8.0625,-1,0.0,835
15.524999999999999,10.35,10.75,0,0.0,836
18.112499999999997,10.35,13.4375,0,0.0,837
18.112499999999997,12.9375,16.125,0,0.0,838
15.524999999999999,12.9375,18.8125,1,-0.0,839
15.524999999999999,10.35,21.5,1,-0.0,840
18.112499999999997,10.35,24.1875,0,0.0,841
18.112499999999997,12.9375,26.875,0,0.0,842
15.524999999999999,12.9375,29.5625,-1,-0.0,843
15.524999999999999,10.35,32.25,0,0.0,844
18.112499999999997,10.35,34.9375,0,0.0,845
18.112499999999997,12.9375,37.625,0,0.0,846
15.524999999999999,12.9375,40.3125,0,0.0,847
15.524999999999999,10.35,43.0,0,0.0,848
18.112499999999997,10.35,45.6875,-1,0.0,849
18.112499999999997,12.9375,48.375,0,0.0,850
15.524999999999999,12.9375,51.0625,0,0.0,851
15.524999999999999,10.35,53.75,1,0.0,852
18.112499999999997,10.35,56.4375,0,0.0,853
18.112499999999997,12.9375,59.125,0,0.0,854
15.524999999999999,12.9375,61.8125,0,0.0,855
15.524999999999999,10.35,64.5,0,0.0,856
18.112499999999997,10.35,67.1875,0,0.0,857
18.112499999999997,12.9375,69.875,0,0.0,858
15.524999999999999,12.9375,72.5625,0,0.0,859
15.524999999999999,10.35,75.25,0,0.0,860
18.112499999999997,10.35,77.9375,0,0.0,861
18.112499999999997,12.9375,80.625,0,0.0,862
15.524999999999999,12.9375,83.3125,0,0.0,863
15.524999999999999,15.524999999999999,0.0,0,0.0,864
18.112499999999997,15.524999999999999,2.6875,0,0.0,865
18.112499999999997,18.112499999999997,5.375,0,0.0,866
15.524999999999999,18.112499999999997,8.0625,0,0.0,867
15.524999999999999,15.524999999999999,10.75,0,0.0,868
18.112499999999997,15.524999999999999,13.4375,1,0.0,869
18.112499999999997,18.112499999999997,16.125,0,0.0,870
15.524999999999999,18.112499999999997,18.8125,0,0.0,871
15.524999999999999,15.524999999999999,21.5,0,0.0,872
18.112499999999997,15.524999999999999,24.1875,0,0.0,873
18.112499999999997,18.112499999999997,26.875,0,0.0,874
15.524999999999999,18.112499999999997,29.5625,0,0.0,875
15.524999999999999,15.524999999999999,32.25,0,0.0,876
18.112499999999997,15.524999999999999,34.9375,-1,-0.0,877
18.112499999999997,18.112499999999997,37.625,0,0.0,878
15.524999999999999,18.112499999999997,40.3125,-1,-0.0,879
15.524999999999999,15.524999999999999,43.0,-1,-0.0,880
18.112499999999997,15.524999999999999,45.6875,0,0.0,881
18.112499999999997,18.112499999999997,48.375,0,0.0,882
15.524999999999999,18.112499999999997,51.0625,-1,-0.0,883
15.524999999999999,15.524999999999999,53.75,1,0.0,884
18.112499999999997,15.524999999999999,56.4375,-1,-0.0,885
18.112499999999997,18.112499999999997,59.125,0,0.0,886
15.524999999999999,18.112499999999997,61.8125,0,0.0,887
15.524999999999999,15.524999999999999,64.5,0,0.0,888
18.112499999999997,15.524999999999999,67.1875,1,0.0,889
18.112499999999997,18.112499999999997,69.875,1,-0.0,890
15.524999999999999,18.112499999999997,72.5625,0,0.0,891
15.524999999999999,15.524999999999999,75.25,1,-0.0,892
18.112499999999997,15.524999999999999,77.9375,0,0.0,893
18.112499999999997,18.112499999999997,80.625,0,0.0,894
15.524999999999999,18.112499999999997,83.3125,1,0.0,895
15.524999999999999,20.7,0.0,0,0.0,896
18.112499999999997,20.7,2.6875,0,0.0,897
18.112499999999997,23.287499999999998,5.375,0,0.0,898
15.524999999999999,23.287499999999998,8.0625,-1,0.0,899
15.524999999999999,20.7,10.75,0,0.0,900
18.112499999999997,20.7,13.4375,0,0.0,901
18.112499999999997,23.287499999999998,16.125,1,0.0,902
15.524999999999999,23.287499999999998,18.8125,-1,0.0,903
15.524999999999999,20.7,21.5,0,0.0,904
18.112499999999997,20.7,24.1875,1,-0.0,905
18.112499999999997,23.287499999999998,26.875,0,0.0,906
15.524999999999999,23.287499999999998,29.5625,0,0.0,907
15.524999999999999,20.7,32.25,0,0.0,908
18.112499999999997,20.7,34.9375,-1,-0.0,909
18.112499999999997,23.287499999999998,37.625,0,0.0,910
15.524999999999999,23.287499999999998,40.3125,1,-0.0,911
15.524999999999999,20.7,43.0,0,0.0,912
18.112499999999997,20.7,45.6875,0,0.0,913
18.112499999999997,23.287499999999998,48.375,0,0.0,914
15.524999999999999,23.287499999999998,51.0625,0,0.0,915
15.524999999999999,20.7,53.75,0,0.0,916
18.112499999999997,20.7,56.4375,1,0.0,917
18.112499999999997,23.287499999999998,59.125,1,-0.0,918
15.524999999999999,23.287499999999998,61.8125,0,0.0,919
15.524999999999999,20.7,64.5,0,0.0,920
18.112499999999997,20.7,67.1875,0,0.0,921
18.112499999999997,23.287499999999998,69.875,0,0.0,922
15.524999999999999,23.287499999999998,72.5625,1,-0.0,923
15.524999999999999,20.7,75.25,1,-0.0,924
18.112499999999997,20.7,77.9375,0,0.0,925
18.112499999999997,23.287499999999998,80.625,0,0.0,926
15.524999999999999,23.287499999999998,83.3125,-1,0.0,927
15.524999999999999,25.875,0.0,0,0.0,928
18.112499999999997,25.875,2.6875,1,0.0,929
18.112499999999997,28.4625,5.375,0,0.0,930
15.524999999999999,28.4625,8.0625,0,0.0,931
15.524999999999999,25.875,10.75,0,0.0,932
18.112499999999997,25.875,13.4375,0,0.0,933
18.112499999999997,28.4625,16.125,0,0.0,934
15.524999999999999,28.4625,18.8125,-1,0.0,935
15.524999999999999,25.875,21.5,0,0.0,936
18.112499999999997,25.875,24.1875,0,0.0,937
18.112499999999997,28.4625,26.875,0,0.0,938
15.524999999999999,28.4625,29.5625,1,0.0,939
15.524999999999999,25.875,32.25,1,0.0,940
18.112499999999997,25.875,34.9375,1,0.0,941
18.112499999999997,28.4625,37.625,-1,-0.0,942
15.524999999999999,28.4625,40.3125,-1,-0.0,943
15.524999999999999,25.875,43.0,0,0.0,944
18.112499999999997,25.875,45.6875,1,0.0,945
18.112499999999997,28.4625,48.375,0,0.0,946
15.524999999999999,28.4625,51.0625,0,0.0,947
15.524999999999999,25.875,53.75,0,0.0,948
18.112499999999997,25.875,56.4375,0,0.0,949
18.112499999999997,28.4625,59.125,0,0.0,950
15.524999999999999,28.4625,61.8125,0,0.0,951
15.524999999999999,25.875,64.5,0,0.0,952
18.112499999999997,25.875,67.1875,0,0.0,953
18.112499999999997,28.4625,69.875,0,0.0,954
15.524999999999999,28.4625,72.5625,0,0.0,955
15.524999999999999,25.875,75.25,1,0.0,956
18.112499999999997,25.875,77.9375,-1,0.0,957
18.112499999999997,28.4625,80.625,0,0.0,958
15.524999999999999,28.4625,83.3125,0,0.0,959
15.524999999999999,31.049999999999997,0.0,0,0.0,960
18.112499999999997,31.049999999999997,2.6875,0,0.0,961
18.112499999999997,33.637499999999996,5.375,0,0.0,962
15.524999999999999,33.637499999999996,8.0625,1,-0.0,963
15.524999999999999,31.049999999999997,10.75,1,0.0,964
18.112499999999997,31.049999999999997,13.4375,0,0.0,965
18.112499999999997,33.637499999999996,16.125,0,0.0,966
15.524999999999999,33.637499999999996,18.8125,0,0.0,967
15.524999999999999,31.049999999999997,21.5,0,0.0,968
18.112499999999997,31.049999999999997,24.1875,-1,-0.0,969
18.112499999999997,33.637499999999996,26.875,0,0.0,970
15.524999999999999,33.637499999999996,29.5625,-1,0.0,971
15.524999999999999,31.049999999999997,32.25,0,0.0,972
18.112499999999997,31.049999999999997,34.9375,0,0.0,973
18.112499999999997,33.637499999999996,37.625,0,0.0,974
15.524999999999999,33.637499999999996,40.3125,0,0.0,975
15.524999999999999,31.049999999999997,43.0,0,0.0,976
18.112499999999997,31.049999999999997,45.6875,0,0.0,977
18.112499999999997,33.637499999999996,48.375,-1,0.0,978
15.524999999999999,33.637499999999996,51.0625,0,0.0,979
15.524999999999999,31.049999999999997,53.75,0,0.0,980
18.112499999999997,31.049999999999997,56.4375,0,0.0,981
18.112499999999997,33.637499999999996,59.125,0,0.0,982
15.524999999999999,33.637499999999996,61.8125,0,0.0,983
15.524999999999999,31.049999999999997,64.5,0,0.0,984
18.112499999999997,31.049999999999997,67.1875,0,0.0,985
18.112499999999997,33.637499999999996,69.875,-1,-0.0,986
15.524999999999999,33.637499999999996,72.5625,0,0.0,987
15.524999999999999,31.049999999999997,75.25,0,0.0,988
18.112499999999997,31.049999999999997,77.9375,0,0.0,989
18.112499999999997,33.637499999999996,80.625,0,0.0,990
15.524999999999999,33.637499999999996,83.3125,0,0.0,991
15.524999999999999,36.225,0.0,-1,0.0,992
18.112499999999997,36.225,2.6875,-1,-0.0,993
18.112499999999997,38.8125,5.375,0,0.0,994
15.524999999999999,38.8125,8.0625,0,0.0,995
15.524999999999999,36.225,10.75,0,0.0,996
18.112499999999997,36.225,13.4375,0,0.0,997
18.112499999999997,38.8125,16.125,0,0.0,998
15.524999999999999,38.8125,18.8125,-1,-0.0,999
15.524999999999999,36.225,21.5,0,0.0,1000
18.112499999999997,36.225,24.1875,0,0.0,1001
18.112499999999997,38.8125,26.875,0,0.0,1002
15.524999999999999,38.8125,29.5625,0,0.0,1003
15.524999999999999,36.225,32.25,0,0.0,1004
18.112499999999997,36.225,34.9375,0,0.0,1005
18.112499999999997,38.8125,37.625,0,0.0,1006
15.524999999999999,38.8125,40.3125,0,0.0,1007
15.524999999999999,36.225,43.0,0,0.0,1008
18.112499999999997,36.225,45.6875,0,0.0,1009
18.112499999999997,38.8125,48.375,0,0.0,1010
15.524999999999999,38.8125,51.0625,0,0.0,1011
15.524999999999999,36.225,53.75,-1,0.0,1012
18.112499999999997,36.225,56.4375,0,0.0,1013
18.112499999999997,38.8125,59.125,0,0.0,1014
15.524999999999999,38.8125,61.8125,0,0.0,1015
15.524999999999999,36.225,64.5,0,0.0,1016
18.112499999999997,36.225,67.1875,0,0.0,1017
18.112499999999997,38.8125,69.875,0,0.0,1018
15.524999999999999,38.8125,72.5625,0,0.0,1019
15.524999999999999,36.225,75.25,0,0.0,1020
18.112499999999997,36.225,77.9375,0,0.0,1021
18.112499999999997,38.8125,80.625,0,0.0,1022
15.524999999999999,38.8125,83.3125,0,0.0,1023
20.7,0.0,0.0,0,0.0,1024
23.287499999999998,0.0,2.6875,0,0.0,1025
23.287499999999998,2.5875,5.375,0,0.0,1026
20.7,2.5875,8.0625,0,0.0,1027
20.7,0.0,10.75,0,0.0,1028
23.287499999999998,0.0,13.4375,0,0.0,1029
23.287499999999998,2.5875,16.125,0,0.0,1030
20.7,2.5875,18.8125,0,0.0,1031
20.7,0.0,21.5,0,0.0,1032
23.287499999999998,0.0,24.1875,0,0.0,1033
23.287499999999998,2.5875,26.875,1,-0.0,1034
20.7,2.5875,29.5625,0,0.0,1035
20.7,0.0,32.25,0,0.0,1036
23.287499999999998,0.0,34.9375,0,0.0,1037
23.287499999999998,2.5875,37.625,-1,-0.0,1038
20.7,2.5875,40.3125,-1,0.0,1039
20.7,0.0,43.0,0,0.0,1040
23.287499999999998,0.0,45.6875,0,0.0,1041
23.287499999999998,2.5875,48.375,0,0.0,1042
20.7,2.5875,51.0625,-1,0.0,1043
20.7,0.0,53.75,-1,-0.0,1044
23.287499999999998,0.0,56.4375,0,0.0,1045
23.287499999999998,2.5875,59.125,0,0.0,1046
20.7,2.5875,61.8125,1,0.0,1047
20.7,0.0,64.5,0,0.0,1048
23.287499999999998,0.0,67.1875,0,0.0,1049
23.287499999999998,2.5875,69.875,1,-0.0,1050
20.7,2.5875,72.5625,0,0.0,1051
20.7,0.0,75.25,1,0.0,1052
23.287499999999998,0.0,77.9375,0,0.0,1053
23.287499999999998,2.5875,80.625,0,0.0,1054
20.7,2.5875,83.3125,0,0.0,1055
20.7,5.175,0.0,0,0.0,1056
23.287499999999998,5.175,2.6875,0,0.0,1057
23.287499999999998,7.762499999999999,5.375,-1,-0.0,1058
20.7,7.762499999999999,8.0625,-1,0.0,1059
20.7,5.175,10.75,0,0.0,1060
23.287499999999998,5.175,13.4375,0,0.0,1061
23.287499999999998,7.762499999999999,16.125,0,0.0,1062
20.7,7.762499999999999,18.8125,0,0.0,1063
20.7,5.175,21.5,0,0.0,1064
23.287499999999998,5.175,24.1875,0,0.0,1065
23.287499999999998,7.762499999999999,26.875,0,0.0,1066
20.7,7.762499999999999,29.5625,-1,0.0,1067
20.7,5.175,32.25,1,0.0,1068
23.287499999999998,5.175,34.9375,0,0.0,1069
23.287499999999998,7.762499999999999,37.625,0,0.0,1070
20.7,7.762499999999999,40.3125,0,0.0,1071
20.7,5.175,43.0,0,0.0,1072
23.287499999999998,5.175,45.6875,0,0.0,1073
23.287499999999998,7.762499999999999,48.375,0,0.0,1074
20.7,7.762499999999999,51.0625,0,0.0,1075
20.7,5.175,53.75,0,0.0,1076
23.287499999999998,5.175,56.4375,0,0.0,1077
23.287499999999998,7.762499999999999,59.125,1,0.0,1078
20.7,7.762499999999999,61.8125,0,0.0,1079
20.7,5.175,64.5,0,0.0,1080
23.287499999999998,5.175,67.1875,0,0.0,1081
23.287499999999998,7.762499999999999,69.875,0,0.0,1082
20.7,7.762499999999999,72.5625,0,0.0,1083
20.7,5.175,75.25,0,0.0,1084
23.287499999999998,5.175,77.9375,0,0.0,1085
23.287499999999998,7.762499999999999,80.625,0,0.0,1086
20.7,7.762499999999999,83.3125,0,0.0,1087
20.7,10.35,0.0,0,0.0,1088
23.287499999999998,10.35,2.6875,0,0.0,1089
23.287499999999998,12.9375,5.375,0,0.0,1090
20.7,12.9375,8.0625,0,0.0,1091
20.7,10.35,10.75,-1,0.0,1092
23.287499999999998,10.35,13.4375,1,-0.0,1093
23.287499999999998,12.9375,16.125,0,0.0,1094
20.7,12.9375,18.8125,0,0.0,1095
20.7,10.35,21.5,0,0.0,1096
23.287499999999998,10.35,24.1875,0,0.0,1097
23.287499999999998,12.9375,26.875,0,0.0,1098
20.7,12.9375,29.5625,0,0.0,1099
20.7,10.35,32.25,1,-0.0,1100
23.287499999999998,10.35,34.9375,0,0.0,1101
23.287499999999998,12.9375,37.625,0,0.0,1102
20.7,12.9375,40.3125,1,0.0,1103
20.7,10.35,43.0,0,0.0,1104
23.287499999999998,10.35,45.6875,0,0.0,1105
23.287499999999998,12.9375,48.375,0,0.0,1106
20.7,12.9375,51.0625,0,0.0,1107
20.7,10.35,53.75,-1,-0.0,1108
23.287499999999998,10.35,56.4375,0,0.0,1109
23.287499999999998,12.9375,59.125,0,0.0,1110
20.7,12.9375,61.8125,0,0.0,1111
20.7,10.35,64.5,1,0.0,1112
23.287499999999998,10.35,67.1875,0,0.0,1113
23.287499999999998,12.9375,69.875,0,0.0,1114
20.7,12.9375,72.5625,1,-0.0,1115
20.7,10.35,75.25,0,0.0,1116
23.287499999999998,10.35,77.9375,0,0.0,1117
23.287499999999998,12.9375,80.625,1,0.0,1118
20.7,12.9375,83.3125,0,0.0,1119
20.7,15.524999999999999,0.0,0,0.0,1120
23.287499999999998,15.524999999999999,2.6875,-1,-0.0,1121
23.287499999999998,18.112499999999997,5.375,0,0.0,1122
20.7,18.112499999999997,8.0625,1,-0.0,1123
20.7,15.524999999999999,10.75,0,0.0,1124
23.287499999999998,15.524999999999999,13.4375,0,0.0,1125
23.287499999999998,18.112499999999997,16.125,0,0.0,1126
20.7,18.112499999999997,18.8125,0,0.0,1127
20.7,15.524999999999999,21.5,-1,-0.0,1128
23.287499999999998,15.524999999999999,24.1875,1,-0.0,1129
23.287499999999998,18.112499999999997,26.875,0,0.0,1130
20.7,18.112499999999997,29.5625,0,0.0,1131
20.7,15.524999999999999,32.25,0,0.0,1132
23.287499999999998,15.524999999999999,34.9375,1,-0.0,1133
23.287499999999998,18.112499999999997,37.625,0,0.0,1134
20.7,18.112499999999997,40.3125,0,0.0,1135
20.7,15.524999999999999,43.0,0,0.0,1136
23.287499999999998,15.524999999999999,45.6875,-1,-0.0,1137
23.287499999999998,18.112499999999997,48.375,0,0.0,1138
20.7,18.112499999999997,51.0625,0,0.0,1139
20.7,15.524999999999999,53.75,0,0.0,1140
23.287499999999998,15.524999999999999,56.4375,0,0.0,1141
23.287499999999998,18.112499999999997,59.125,0,0.0,1142
20.7,18.112499999999997,61.8125,0,0.0,1143
20.7,15.524999999999999,64.5,1,-0.0,1144
23.287499999999998,15.524999999999999,67.1875,1,-0.0,1145
23.287499999999998,18.112499999999997,69.875,-1,-0.0,1146
20.7,18.112499999999997,72.5625,1,0.0,1147
20.7,15.524999999999999,75.25,0,0.0,1148
23.287499999999998,15.524999999999999,77.9375,0,0.0,1149
23.287499999999998,18.112499999999997,80.625,-1,-0.0,1150
20.7,18.112499999999997,83.3125,0,0.0,1151
20.7,20.7,0.0,0,0.0,1152
23.287499999999998,20.7,2.6875,0,0.0,1153
23.287499999999998,23.287499999999998,5.375,0,0.0,1154
20.7,23.287499999999998,8.0625,0,0.0,1155
20.7,20.7,10.75,0,0.0,1156
23.287499999999998,20.7,13.4375,0,0.0,1157
23.287499999999998,23.287499999999998,16.125,0,0.0,1158
20.7,23.287499999999998,18.8125,0,0.0,1159
20.7,20.7,21.5,1,0.0,1160
23.287499999999998,20.7,24.1875,1,-0.0,1161
23.287499999999998,23.287499999999998,26.875,0,0.0,1162
20.7,23.287499999999998,29.5625,0,0.0,1163
20.7,20.7,32.25,-1,0.0,1164
23.287499999999998,20.7,34.9375,-1,-0.0,1165
23.287499999999998,23.287499999999998,37.625,0,0.0,1166
20.7,23.287499999999998,40.3125,0,0.0,1167
20.7,20.7,43.0,0,0.0,1168
23.287499999999998,20.7,45.6875,-1,0.0,1169
23.287499999999998,23.287499999999998,48.375,0,0.0,1170
20.7,23.287499999999998,51.0625,0,0.0,1171
20.7,20.7,53.75,0,0.0,1172
23.287499999999998,20.7,56.4375,-1,0.0,1173
23.287499999999998,23.287499999999998,59.125,0,0.0,1174
20.7,23.287499999999998,61.8125,-1,0.0,1175
20.7,20.7,64.5,0,0.0,1176
23.287499999999998,20.7,67.1875,0,0.0,1177
23.287499999999998,23.287499999999998,69.875,0,0.0,1178
20.7,23.287499999999998,72.5625,1,0.0,1179
20.7,20.7,75.25,1,0.0,1180
23.287499999999998,20.7,77.9375,-1,-0.0,1181
23.287499999999998,23.287499999999998,80.625,0,0.0,1182
20.7,23.287499999999998,83.3125,0,0.0,1183
20.7,25.875,0.0,0,0.0,1184
23.287499999999998,25.875,2.6875,0,0.0,1185
23.287499999999998,28.4625,5.375,0,0.0,1186
20.7,28.4625,8.0625,0,0.0,1187
20.7,25.875,10.75,-1,-0.0,1188
23.287499999999998,25.875,13.4375,0,0.0,1189
23.287499999999998,28.4625,16.125,1,0.0,1190
20.7,28.4625,18.8125,0,0.0,1191
20.7,25.875,21.5,0,0.0,1192
23.287499999999998,25.875,24.1875,0,0.0,1193
23.287499999999998,28.4625,26.875,0,0.0,1194
20.7,28.4625,29.5625,0,0.0,1195
20.7,25.875,32.25,0,0.0,1196
23.287499999999998,25.875,34.9375,0,0.0,1197
23.287499999999998,28.4625,37.625,0,0.0,1198
20.7,28.4625,40.3125,1,-0.0,1199
20.7,25.875,43.0,0,0.0,1200
23.287499999999998,25.875,45.6875,0,0.0,1201
23.287499999999998,28.4625,48.375,0,0.0,1202
20.7,28.4625,51.0625,0,0.0,1203
20.7,25.875,53.75,1,-0.0,1204
23.287499999999998,25.875,56.4375,0,0.0,1205
23.287499999999998,28.4625,59.125,0,0.0,1206
20.7,28.4625,61.8125,0,0.0,1207
20.7,25.875,64.5,1,0.0,1208
23.287499999999998,25.875,67.1875,0,0.0,1209
23.287499999999998,28.4625,69.875,0,0.0,1210
20.7,28.4625,72.5625,0,0.0,1211
20.7,25.875,75.25,-1,-0.0,1212
23.287499999999998,25.875,77.9375,0,0.0,1213
23.287499999999998,28.4625,80.625,0,0.0,1214
20.7,28.4625,83.3125,-1,0.0,1215
20.7,31.049999999999997,0.0,-1,-0.0,1216
23.287499999999998,31.049999999999997,2.6875,1,0.0,1217
23.287499999999998,33.637499999999996,5.375,0,0.0,1218
20.7,33.637499999999996,8.0625,1,-0.0,1219
20.7,31.049999999999997,10.75,0,0.0,1220
23.287499999999998,31.049999999999997,13.4375,0,0.0,1221
23.287499999999998,33.637499999999996,16.125,-1,0.0,1222
20.7,33.637499999999996,18.8125,0,0.0,1223
20.7,31.049999999999997,21.5,1,0.0,1224
23.287499999999998,31.049999999999997,24.1875,0,0.0,1225
23.287499999999998,33.637499999999996,26.875,0,0.0,1226
20.7,33.637499999999996,29.5625,1,0.0,1227
20.7,31.049999999999997,32.25,-1,0.0,1228
23.287499999999998,31.049999999999997,34.9375,-1,-0.0,1229
23.287499999999998,33.637499999999996,37.625,1,-0.0,1230
20.7,33.637499999999996,40.3125,0,0.0,1231
20.7,31.049999999999997,43.0,0,0.0,1232
23.287499999999998,31.049999999999997,45.6875,0,0.0,1233
23.287499999999998,33.637499999999996,48.375,-1,0.0,1234
20.7,33.637499999999996,51.0625,0,0.0,1235
20.7,31.049999999999997,53.75,0,0.0,1236
23.287499999999998,31.049999999999997,56.4375,0,0.0,1237
23.287499999999998,33.637499999999996,59.125,0,0.0,1238
20.7,33.637499999999996,61.8125,0,0.0,1239
20.7,31.049999999999997,64.5,-1,-0.0,1240
23.287499999999998,31.049999999999997,67.1875,0,0.0,1241
23.287499999999998,33.637499999999996,69.875,0,0.0,1242
20.7,33.637499999999996,72.5625,1,-0.0,1243
20.7,31.049999999999997,75.25,0,0.0,1244
23.287499999999998,31.049999999999997,77.9375,0,0.0,1245
23.287499999999998,33.637499999999996,80.625,0,0.0,1246
20.7,33.637499999999996,83.3125,1,-0.0,1247
20.7,36.225,0.0,1,0.0,1248
23.287499999999998,36.225,2.6875,0,0.0,1249
23.287499999999998,38.8125,5.375,0,0.0,1250
20.7,38.8125,8.0625,-1,0.0,1251
20.7,36.225,10.75,0,0.0,1252
23.287499999999998,36.225,13.4375,1,-0.0,1253
23.287499999999998,38.8125,16.125,1,0.0,1254
20.7,38.8125,18.8125,1,0.0,1255
20.7,36.225,21.5,0,0.0,1256
23.287499999999998,36.225,24.1875,0,0.0,1257
23.287499999999998,38.8125,26.875,0,0.0,1258
20.7,38.8125,29.5625,0,0.0,1259
20.7,36.225,32.25,0,0.0,1260
23.287499999999998,36.225,34.9375,0,0.0,1261
23.287499999999998,38.8125,37.625,0,0.0,1262
20.7,38.8125,40.3125,0,0.0,1263
20.7,36.225,43.0,0,0.0,1264
23.287499999999998,36.225,45.6875,0,0.0,1265
23.287499999999998,38.8125,48.375,1,0.0,1266
20.7,38.8125,51.0625,0,0.0,1267
20.7,36.225,53.75,1,0.0,1268
23.287499999999998,36.225,56.4375,0,0.0,1269
23.287499999999998,38.8125,59.125,-1,0.0,1270
20.7,38.8125,61.8125,-1,0.0,1271
20.7,36.225,64.5,0,0.0,1272
23.287499999999998,36.225,67.1875,0,0.0,1273
23.287499999999998,38.8125,69.875,0,0.0,1274
20.7,38.8125,72.5625,0,0.0,1275
20.7,36.225,75.25,-1,0.0,1276
23.287499999999998,36.225,77.9375,0,0.0,1277
23.287499999999998,38.8125,80.625,0,0.0,1278
20.7,38.8125,83.3125,0,0.0,1279
25.875,0.0,0.0,0,0.0,1280
28.4625,0.0,2.6875,1,-0.0,1281
28.4625,2.5875,5.375,0,0.0,1282
25.875,2.5875,8.0625,0,0.0,1283
25.875,0.0,10.75,0,0.0,1284
28.4625,0.0,13.4375,1,-0.0,1285
28.4625,2.5875,16.125,0,0.0,1286
25.875,2.5875,18.8125,0,0.0,1287
25.875,0.0,21.5,0,0.0,1288
28.4625,0.0,24.1875,0,0.0,1289
28.4625,2.5875,26.875,0,0.0,1290
25.875,2.5875,29.5625,0,0.0,1291
25.875,0.0,32.25,0,0.0,1292
28.4625,0.0,34.9375,0,0.0,1293
28.4625,2.5875,37.625,0,0.0,1294
25.875,2.5875,40.3125,0,0.0,1295
25.875,0.0,43.0,0,0.0,1296
28.4625,0.0,45.6875,-1,0.0,1297
28.4625,2.5875,48.375,0,0.0,1298
25.875,2.5875,51.0625,0,0.0,1299
25.875,0.0,53.75,0,0.0,1300
28.4625,0.0,56.4375,0,0.0,1301
28.4625,2.5875,59.125,-1,-0.0,1302
25.875,2.5875,61.8125,0,0.0,1303
25.875,0.0,64.5,-1,0.0,1304
28.4625,0.0,67.1875,0,0.0,1305
28.4625,2.5875,69.875,-1,0.0,1306
25.875,2.5875,72.5625,0,0.0,1307
25.875,0.0,75.25,-1,0.0,1308
28.4625,0.0,77.9375,0,0.0,1309
28.4625,2.5875,80.625,1,-0.0,1310
25.875,2.5875,83.3125,0,0.0,1311
25.875,5.175,0.0,0,0.0,1312
28.4625,5.175,2.6875,0,0.0,1313
28.4625,7.762499999999999,5.375,0,0.0,1314
25.875,7.762499999999999,8.0625,0,0.0,1315
25.875,5.175,10.75,0,0.0,1316
28.4625,5.175,13.4375,0,0.0,1317
28.4625,7.762499999999999,16.125,0,0.0,1318
25.875,7.762499999999999,18.8125,1,-0.0,1319
25.875,5.175,21.5,0,0.0,1320
28.4625,5.175,24.1875,0,0.0,1321
28.4625,7.762499999999999,26.875,1,0.0,1322
25.875,7.762499999999999,29.5625,-1,-0.0,1323
25.875,5.175,32.25,0,0.0,1324
28.4625,5.175,34.9375,-1,-0.0,1325
28.4625,7.762499999999999,37.625,0,0.0,1326
25.875,7.762499999999999,40.3125,0,0.0,1327
25.875,5.175,43.0,0,0.0,1328
28.4625,5.175,45.6875,1,-0.0,1329
28.4625,7.762499999999999,48.375,0,0.0,1330
25.875,7.762499999999999,51.0625,0,0.0,1331
25.875,5.175,53.75,0,0.0,1332
28.4625,5.175,56.4375,0,0.0,1333
28.4625,7.762499999999999,59.125,-1,-0.0,1334
25.875,7.762499999999999,61.8125,0,0.0,1335
25.875,5.175,64.5,1,-0.0,1336
28.4625,5.175,67.1875,0,0.0,1337
28.4625,7.762499999999999,69.875,0,0.0,1338
25.875,7.762499999999999,72.5625,0,0.0,1339
25.875,5.175,75.25,1,0.0,1340
28.4625,5.175,77.9375,0,0.0,1341
28.4625,7.762499999999999,80.625,0,0.0,1342
25.875,7.762499999999999,83.3125,0,0.0,1343
25.875,10.35,0.0,0,0.0,1344
28.4625,10.35,2.6875,-1,-0.0,1345
28.4625,12.9375,5.375,0,0.0,1346
25.875,12.9375,8.0625,0,0.0,1347
25.875,10.35,10.75,-1,-0.0,1348
28.4625,10.35,13.4375,0,0.0,1349
28.4625,12.9375,16.125,0,0.0,1350
25.875,12.9375,18.8125,0,0.0,1351
25.875,10.35,21.5,1,-0.0,1352
28.4625,10.35,24.1875,0,0.0,1353
28.4625,12.9375,26.875,1,0.0,1354
25.875,12.9375,29.5625,0,0.0,1355
25.875,10.35,32.25,0,0.0,1356
28.4625,10.35,34.9375,0,0.0,1357
28.4625,12.9375,37.625,0,0.0,1358
25.875,12.9375,40.3125,1,-0.0,1359
25.875,10.35,43.0,0,0.0,1360
28.4625,10.35,45.6875,0,0.0,1361
28.4625,12.9375,48.375,0,0.0,1362
25.875,12.9375,51.0625,0,0.0,1363
25.875,10.35,53.75,0,0.0,1364
28.4625,10.35,56.4375,0,0.0,1365
28.4625,12.9375,59.125,0,0.0,1366
25.875,12.9375,61.8125,0,0.0,1367
25.875,10.35,64.5,0,0.0,1368
28.4625,10.35,67.1875,0,0.0,1369
28.4625,12.9375,69.875,0,0.0,1370
25.875,12.9375,72.5625,0,0.0,1371
25.875,10.35,75.25,0,0.0,1372
28.4625,10.35,77.9375,0,0.0,1373
28.4625,12.9375,80.625,0,0.0,1374
25.875,12.9375,83.3125,-1,0.0,1375
25.875,15.524999999999999,0.0,0,0.0,1376
28.4625,15.524999999999999,2.6875,0,0.0,1377
28.4625,18.112499999999997,5.375,0,0.0,1378
25.875,18.112499999999997,8.0625,0,0.0,1379
25.875,15.524999999999999,10.75,-1,-0.0,1380
28.4625,15.524999999999999,13.4375,-1,-0.0,1381
28.4625,18.112499999999997,16.125,0,0.0,1382
25.875,18.112499999999997,18.8125,0,0.0,1383
25.875,15.524999999999999,21.5,0,0.0,1384
28.4625,15.524999999999999,24.1875,0,0.0,1385
28.4625,18.112499999999997,26.875,0,0.0,1386
25.875,18.112499999999997,29.5625,1,0.0,1387
25.875,15.524999999999999,32.25,0,0.0,1388
28.4625,15.524999999999999,34.9375,0,0.0,1389
28.4625,18.112499999999997,37.625,0,0.0,1390
25.875,18.112499999999997,40.3125,0,0.0,1391
25.875,15.524999999999999,43.0,0,0.0,1392
28.4625,15.524999999999999,45.6875,1,-0.0,1393
28.4625,18.112499999999997,48.375,1,-0.0,1394
25.875,18.112499999999997,51.0625,0,0.0,1395
25.875,15.524999999999999,53.75,0,0.0,1396
28.4625,15.524999999999999,56.4375,0,0.0,1397
28.4625,18.112499999999997,59.125,0,0.0,1398
25.875,18.112499999999997,61.8125,0,0.0,1399
25.875,15.524999999999999,64.5,1,0.0,1400
28.4625,15.524999999999999,67.1875,1,-0.0,1401
28.4625,18.112499999999997,69.875,-1,0.0,1402
25.875,18.112499999999997,72.5625,0,0.0,1403
25.875,15.524999999999999,75.25,0,0.0,1404
28.4625,15.524999999999999,77.9375,0,0.0,1405
28.4625,18.112499999999997,80.625,0,0.0,1406
25.875,18.112499999999997,83.3125,-1,-0.0,1407
25.875,20.7,0.0,1,-0.0,1408
28.4625,20.7,2.6875,0,0.0,1409
28.4625,23.287499999999998,5.375,1,0.0,1410
25.875,23.287499999999998,8.0625,0,0.0,1411
25.875,20.7,10.75,-1,0.0,1412
28.4625,20.7,13.4375,1,-0.0,1413
28.4625,23.287499999999998,16.125,0,0.0,1414
25.875,23.287499999999998,18.8125,-1,-0.0,1415
25.875,20.7,21.5,0,0.0,1416
28.4625,20.7,24.1875,0,0.0,1417
28.4625,23.287499999999998,26.875,0,0.0,1418
25.875,23.287499999999998,29.5625,0,0.0,1419
25.875,20.7,32.25,0,0.0,1420
28.4625,20.7,34.9375,-1,0.0,1421
28.4625,23.287499999999998,37.625,0,0.0,1422
25.875,23.287499999999998,40.3125,0,0.0,1423
25.875,20.7,43.0,1,0.0,1424
28.4625,20.7,45.6875,0,0.0,1425
28.4625,23.287499999999998,48.375,0,0.0,1426
25.875,23.287499999999998,51.0625,0,0.0,1427
25.875,20.7,53.75,0,0.0,1428
28.4625,20.7,56.4375,0,0.0,1429
28.4625,23.287499999999998,59.125,0,0.0,1430
25.875,23.287499999999998,61.8125,0,0.0,1431
25.875,20.7,64.5,-1,-0.0,1432
28.4625,20.7,67.1875,1,0.0,1433
28.4625,23.287499999999998,69.875,0,0.0,1434
25.875,23.287499999999998,72.5625,0,0.0,1435
25.875,20.7,75.25,0,0.0,1436
28.4625,20.7,77.9375,0,0.0,1437
28.4625,23.287499999999998,80.625,0,0.0,1438
25.875,23.287499999999998,83.3125,0,0.0,1439
25.875,25.875,0.0,0,0.0,1440
28.4625,25.875,2.6875,0,0.0,1441
28.4625,28.4625,5.375,1,0.0,1442
25.875,28.4625,8.0625,0,0.0,1443
25.875,25.875,10.75,0,0.0,1444
28.4625,25.875,13.4375,0,0.0,1445
28.4625,28.4625,16.125,0,0.0,1446
25.875,28.4625,18.8125,-1,0.0,1447
25.875,25.875,21.5,0,0.0,1448
28.4625,25.875,24.1875,0,0.0,1449
28.4625,28.4625,26.875,1,0.0,1450
25.875,28.4625,29.5625,0,0.0,1451
25.875,25.875,32.25,0,0.0,1452
28.4625,25.875,34.9375,0,0.0,1453
28.4625,28.4625,37.625,0,0.0,1454
25.875,28.4625,40.3125,0,0.0,1455
25.875,25.875,43.0,0,0.0,1456
28.4625,25.875,45.6875,1,-0.0,1457
28.4625,28.4625,48.375,0,0.0,1458
25.875,28.4625,51.0625,0,0.0,1459
25.875,25.875,53.75,-1,0.0,1460
28.4625,25.875,56.4375,0,0.0,1461
28.4625,28.4625,59.125,-1,-0.0,1462
25.875,28.4625,61.8125,0,0.0,1463
25.875,25.875,64.5,0,0.0,1464
28.4625,25.875,67.1875,0,0.0,1465
28.4625,28.4625,69.875,0,0.0,1466
25.875,28.4625,72.5625,0,0.0,1467
25.875,25.875,75.25,0,0.0,1468
28.4625,25.875,77.9375,1,0.0,1469
28.4625,28.4625,80.625,1,-0.0,1470
25.875,28.4625,83.3125,-1,0.0,1471
25.875,31.049999999999997,0.0,1,-0.0,1472
28.4625,31.049999999999997,2.6875,0,0.0,1473
28.4625,33.637499999999996,5.375,0,0.0,1474
25.875,33.637499999999996,8.0625,-1,0.0,1475
25.875,31.049999999999997,10.75,0,0.0,1476
28.4625,31.049999999999997,13.4375,0,0.0,1477
28.4625,33.637499999999996,16.125,0,0.0,1478
25.875,33.637499999999996,18.8125,0,0.0,1479
25.875,31.049999999999997,21.5,0,0.0,1480
28.4625,31.049999999999997,24.1875,0,0.0,1481
28.4625,33.637499999999996,26.875,0,0.0,1482
25.875,33.637499999999996,29.5625,0,0.0,1483
25.875,31.049999999999997,32.25,-1,0.0,1484
28.4625,31.049999999999997,34.9375,0,0.0,1485
28.4625,33.637499999999996,37.625,1,0.0,1486
25.875,33.637499999999996,40.3125,0,0.0,1487
25.875,31.049999999999997,43.0,0,0.0,1488
28.4625,31.049999999999997,45.6875,0,0.0,1489
28.4625,33.637499999999996,48.375,-1,-0.0,1490
25.875,33.637499999999996,51.0625,-1,-0.0,1491
25.875,31.049999999999997,53.75,0,0.0,1492
28.4625,31.049999999999997,56.4375,-1,-0.0,1493
28.4625,33.637499999999996,59.125,0,0.0,1494
25.875,33.637499999999996,61.8125,0,0.0,1495
25.875,31.049999999999997,64.5,1,-0.0,1496
28.4625,31.049999999999997,67.1875,0,0.0,1497
28.4625,33.637499999999996,69.875,0,0.0,1498
25.875,33.637499999999996,72.5625,0,0.0,1499
25.875,31.049999999999997,75.25,0,0.0,1500
28.4625,31.049999999999997,77.9375,-1,0.0,1501
28.4625,33.637499999999996,80.625,0,0.0,1502
25.875,33.637499999999996,83.3125,1,0.0,1503
25.875,36.225,0.0,0,0.0,1504
28.4625,36.225,2.6875,0,0.0,1505
28.4625,38.8125,5.375,0,0.0,1506
25.875,38.8125,8.0625,-1,0.0,1507
25.875,36.225,10.75,0,0.0,1508
28.4625,36.225,13.4375,0,0.0,1509
28.4625,38.8125,16.125,0,0.0,1510
25.875,38.8125,18.8125,0,0.0,1511
25.875,36.225,21.5,0,0.0,1512
28.4625,36.225,24.1875,0,0.0,1513
28.4625,38.8125,26.875,0,0.0,1514
25.875,38.8125,29.5625,-1,-0.0,1515
25.875,36.225,32.25,0,0.0,1516
28.4625,36.225,34.9375,0,0.0,1517
28.4625,38.8125,37.625,1,0.0,1518
25.875,38.8125,40.3125,0,0.0,1519
25.875,36.225,43.0,0,0.0,1520
28.4625,36.225,45.6875,-1,0.0,1521
28.4625,38.8125,48.375,0,0.0,1522
25.875,38.8125,51.0625,0,0.0,1523
25.875,36.225,53.75,1,-0.0,1524
28.4625,36.225,56.4375,0,0.0,1525
28.4625,38.8125,59.125,0,0.0,1526
25.875,38.8125,61.8125,0,0.0,1527
25.875,36.225,64.5,0,0.0,1528
28.4625,36.225,67.1875,0,0.0,1529
28.4625,38.8125,69.875,-1,-0.0,1530
25.875,38.8125,72.5625,0,0.0,1531
25.875,36.225,75.25,-1,-0.0,1532
28.4625,36.225,77.9375,1,0.0,1533
28.4625,38.8125,80.625,0,0.0,1534
25.875,38.8125,83.3125,0,0.0,1535
31.049999999999997,0.0,0.0,0,0.0,1536
33.637499999999996,0.0,2.6875,0,0.0,1537
33.637499999999996,2.5875,5.375,0,0.0,1538
31.049999999999997,2.5875,8.0625,0,0.0,1539
31.049999999999997,0.0,10.75,0,0.0,1540
33.637499999999996,0.0,13.4375,0,0.0,1541
33.637499999999996,2.5875,16.125,-1,-0.0,1542
31.049999999999997,2.5875,18.8125,0,0.0,1543
31.049999999999997,0.0,21.5,0,0.0,1544
33.637499999999996,0.0,24.1875,1,0.0,1545
33.637499999999996,2.5875,26.875,0,0.0,1546
31.049999999999997,2.5875,29.5625,0,0.0,1547
31.049999999999997,0.0,32.25,0,0.0,1548
33.637499999999996,0.0,34.9375,0,0.0,1549
33.637499999999996,2.5875,37.625,-1,0.0,1550
31.049999999999997,2.5875,40.3125,-1,0.0,1551
31.049999999999997,0.0,43.0,0,0.0,1552
33.637499999999996,0.0,45.6875,0,0.0,1553
33.637499999999996,2.5875,48.375,0,0.0,1554
31.049999999999997,2.5875,51.0625,0,0.0,1555
31.049999999999997,0.0,53.75,1,0.0,1556
33.637499999999996,0.0,56.4375,0,0.0,1557
33.637499999999996,2.5875,59.125,0,0.0,1558
31.049999999999997,2.5875,61.8125,0,0.0,1559
31.049999999999997,0.0,64.5,0,0.0,1560
33.637499999999996,0.0,67.1875,0,0.0,1561
33.637499999999996,2.5875,69.875,0,0.0,1562
31.049999999999997,2.5875,72.5625,0,0.0,1563
31.049999999999997,0.0,75.25,-1,-0.0,1564
33.637499999999996,0.0,77.9375,0,0.0,1565
33.637499999999996,2.5875,80.625,1,0.0,1566
31.049999999999997,2.5875,83.3125,0,0.0,1567
31.049999999999997,5.175,0.0,1,0.0,1568
33.637499999999996,5.175,2.6875,0,0.0,1569
33.637499999999996,7.762499999999999,5.375,-1,-0.0,1570
31.049999999999997,7.762499999999999,8.0625,-1,0.0,1571
31.049999999999997,5.175,10.75,0,0.0,1572
33.637499999999996,5.175,13.4375,0,0.0,1573
33.637499999999996,7.762499999999999,16.125,0,0.0,1574
31.049999999999997,7.762499999999999,18.8125,0,0.0,1575
31.049999999999997,5.175,21.5,0,0.0,1576
33.637499999999996,5.175,24.1875,0,0.0,1577
33.637499999999996,7.762499999999999,26.875,0,0.0,1578
31.049999999999997,7.762499999999999,29.5625,0,0.0,1579
31.049999999999997,5.175,32.25,0,0.0,1580
33.637499999999996,5.175,34.9375,0,0.0,1581
33.637499999999996,7.762499999999999,37.625,0,0.0,1582
31.049999999999997,7.762499999999999,40.3125,1,-0.0,1583
31.049999999999997,5.175,43.0,0,0.0,1584
33.637499999999996,5.175,45.6875,0,0.0,1585
33.637499999999996,7.762499999999999,48.375,-1,0.0,1586
31.049999999999997,7.762499999999999,51.0625,-1,-0.0,1587
31.049999999999997,5.175,53.75,0,0.0,1588
33.637499999999996,5.175,56.4375,-1,0.0,1589
33.637499999999996,7.762499999999999,59.125,0,0.0,1590
31.049999999999997,7.762499999999999,61.8125,0,0.0,1591
31.049999999999997,5.175,64.5,-1,-0.0,1592
33.637499999999996,5.175,67.1875,0,0.0,1593
33.637499999999996,7.762499999999999,69.875,0,0.0,1594
31.049999999999997,7.762499999999999,72.5625,-1,-0.0,1595
31.049999999999997,5.175,75.25,0,0.0,1596
33.637499999999996,5.175,77.9375,0,0.0,1597
33.637499999999996,7.762499999999999,80.625,0,0.0,1598
31.049999999999997,7.762499999999999,83.3125,0,0.0,1599
31.049999999999997,10.35,0.0,0,0.0,1600
33.637499999999996,10.35,2.6875,-1,0.0,1601
33.637499999999996,12.9375,5.375,0,0.0,1602
31.049999999999997,12.9375,8.0625,-1,0.0,1603
31.049999999999997,10.35,10.75,0,0.0,1604
33.637499999999996,10.35,13.4375,0,0.0,1605
33.637499999999996,12.9375,16.125,0,0.0,1606
31.049999999999997,12.9375,18.8125,1,-0.0,1607
31.049999999999997,10.35,21.5,0,0.0,1608
33.637499999999996,10.35,24.1875,0,0.0,1609
33.637499999999996,12.9375,26.875,-1,0.0,1610
31.049999999999997,12.9375,29.5625,0,0.0,1611
31.049999999999997,10.35,32.25,0,0.0,1612
33.637499999999996,10.35,34.9375,0,0.0,1613
33.637499999999996,12.9375,37.625,-1,-0.0,1614
31.049999999999997,12.9375,40.3125,0,0.0,1615
31.049999999999997,10.35,43.0,1,0.0,1616
33.637499999999996,10.35,45.6875,0,0.0,1617
33.637499999999996,12.9375,48.375,0,0.0,1618
31.049999999999997,12.9375,51.0625,-1,-0.0,1619
31.049999999999997,10.35,53.75,-1,-0.0,1620
33.637499999999996,10.35,56.4375,-1,0.0,1621
33.637499999999996,12.9375,59.125,0,0.0,1622
31.049999999999997,12.9375,61.8125,0,0.0,1623
31.049999999999997,10.35,64.5,-1,-0.0,1624
33.637499999999996,10.35,67.1875,0,0.0,1625
33.637499999999996,12.9375,69.875,0,0.0,1626
31.049999999999997,12.9375,72.5625,0,0.0,1627
31.049999999999997,10.35,75.25,1,0.0,1628
33.637499999999996,10.35,77.9375,0,0.0,1629
33.637499999999996,12.9375,80.625,-1,-0.0,1630
31.049999999999997,12.9375,83.3125,1,0.0,1631
31.049999999999997,15.524999999999999,0.0,0,0.0,1632
33.637499999999996,15.524999999999999,2.6875,0,0.0,1633
33.637499999999996,18.112499999999997,5.375,0,0.0,1634
31.049999999999997,18.112499999999997,8.0625,0,0.0,1635
31.049999999999997,15.524999999999999,10.75,-1,0.0,1636
33.637499999999996,15.524999999999999,13.4375,0,0.0,1637
33.637499999999996,18.112499999999997,16.125,0,0.0,1638
31.049999999999997,18.112499999999997,18.8125,0,0.0,1639
31.049999999999997,15.524999999999999,21.5,0,0.0,1640
33.637499999999996,15.524999999999999,24.1875,1,-0.0,1641
33.637499999999996,18.112499999999997,26.875,0,0.0,1642
31.049999999999997,18.112499999999997,29.5625,0,0.0,1643
31.049999999999997,15.524999999999999,32.25,-1,0.0,1644
33.637499999999996,15.524999999999999,34.9375,0,0.0,1645
33.637499999999996,18.112499999999997,37.625,-1,-0.0,1646
31.049999999999997,18.112499999999997,40.3125,1,0.0,1647
31.049999999999997,15.524999999999999,43.0,-1,0.0,1648
33.637499999999996,15.524999999999999,45.6875,0,0.0,1649
33.637499999999996,18.112499999999997,48.375,-1,0.0,1650
31.049999999999997,18.112499999999997,51.0625,0,0.0,1651
31.049999999999997,15.524999999999999,53.75,0,0.0,1652
33.637499999999996,15.524999999999999,56.4375,0,0.0,1653
33.637499999999996,18.112499999999997,59.125,1,-0.0,1654
31.049999999999997,18.112499999999997,61.8125,0,0.0,1655
31.049999999999997,15.524999999999999,64.5,1,0.0,1656
33.637499999999996,15.524999999999999,67.1875,0,0.0,1657
33.637499999999996,18.112499999999997,69.875,0,0.0,1658
31.049999999999997,18.112499999999997,72.5625,1,-0.0,1659
31.049999999999997,15.524999999999999,75.25,0,0.0,1660
33.637499999999996,15.524999999999999,77.9375,1,0.0,1661
33.637499999999996,18.112499999999997,80.625,0,0.0,1662
31.049999999999997,18.112499999999997,83.3125,0,0.0,1663
31.049999999999997,20.7,0.0,1,0.0,1664
33.637499999999996,20.7,2.6875,0,0.0,1665
33.637499999999996,23.287499999999998,5.375,1,0.0,1666
31.049999999999997,23.287499999999998,8.0625,0,0.0,1667
31.049999999999997,20.7,10.75,0,0.0,1668
33.637499999999996,20.7,13.4375,-1,0.0,1669
33.637499999999996,23.287499999999998,16.125,0,0.0,1670
31.049999999999997,23.287499999999998,18.8125,1,-0.0,1671
31.049999999999997,20.7,21.5,0,0.0,1672
33.637499999999996,20.7,24.1875,1,-0.0,1673
33.637499999999996,23.287499999999998,26.875,-1,-0.0,1674
31.049999999999997,23.287499999999998,29.5625,-1,0.0,1675
31.049999999999997,20.7,32.25,0,0.0,1676
33.637499999999996,20.7,34.9375,0,0.0,1677
33.637499999999996,23.287499999999998,37.625,-1,0.0,1678
31.049999999999997,23.287499999999998,40.3125,0,0.0,1679
31.049999999999997,20.7,43.0,0,0.0,1680
33.637499999999996,20.7,45.6875,0,0.0,1681
33.637499999999996,23.287499999999998,48.375,0,0.0,1682
31.049999999999997,23.287499999999998,51.0625,0,0.0,1683
31.049999999999997,20.7,53.75,-1,0.0,1684
33.637499999999996,20.7,56.4375,0,0.0,1685
33.637499999999996,23.287499999999998,59.125,0,0.0,1686
31.049999999999997,23.287499999999998,61.8125,1,0.0,1687
31.049999999999997,20.7,64.5,0,0.0,1688
33.637499999999996,20.7,67.1875,1,0.0,1689
33.637499999999996,23.287499999999998,69.875,-1,-0.0,1690
31.049999999999997,23.287499999999998,72.5625,0,0.0,1691
31.049999999999997,20.7,75.25,0,0.0,1692
33.637499999999996,20.7,77.9375,-1,-0.0,1693
33.637499999999996,23.287499999999998,80.625,0,0.0,1694
31.049999999999997,23.287499999999998,83.3125,0,0.0,1695
31.049999999999997,25.875,0.0,0,0.0,1696
33.637499999999996,25.875,2.6875,1,0.0,1697
33.637499999999996,28.4625,5.375,0,0.0,1698
31.049999999999997,28.4625,8.0625,0,0.0,1699
31.049999999999997,25.875,10.75,0,0.0,1700
33.637499999999996,25.875,13.4375,0,0.0,1701
33.637499999999996,28.4625,16.125,0,0.0,1702
31.049999999999997,28.4625,18.8125,0,0.0,1703
31.049999999999997,25.875,21.5,0,0.0,1704
33.637499999999996,25.875,24.1875,0,0.0,1705
33.637499999999996,28.4625,26.875,-1,-0.0,1706
31.049999999999997,28.4625,29.5625,0,0.0,1707
31.049999999999997,25.875,32.25,0,0.0,1708
33.637499999999996,25.875,34.9375,0,0.0,1709
33.637499999999996,28.4625,37.625,0,0.0,1710
31.049999999999997,28.4625,40.3125,0,0.0,1711
31.049999999999997,25.875,43.0,0,0.0,1712
33.637499999999996,25.875,45.6875,0,0.0,1713
33.637499999999996,28.4625,48.375,0,0.0,1714
31.049999999999997,28.4625,51.0625,0,0.0,1715
31.049999999999997,25.875,53.75,0,0.0,1716
33.637499999999996,25.875,56.4375,0,0.0,1717
33.637499999999996,28.4625,59.125,0,0.0,1718
31.049999999999997,28.4625,61.8125,0,0.0,1719
31.049999999999997,25.875,64.5,0,0.0,1720
33.637499999999996,25.875,67.1875,0,0.0,1721
33.637499999999996,28.4625,69.875,1,0.0,1722
31.049999999999997,28.4625,72.5625,0,0.0,1723
31.049999999999997,25.875,75.25,0,0.0,1724
33.637499999999996,25.875,77.9375,0,0.0,1725
33.637499999999996,28.4625,80.625,1,0.0,1726
31.049999999999997,28.4625,83.3125,0,0.0,1727
31.049999999999997,31.049999999999997,0.0,0,0.0,1728
33.637499999999996,31.049999999999997,2.6875,0,0.0,1729
33.637499999999996,33.637499999999996,5.375,0,0.0,1730
31.049999999999997,33.637499999999996,8.0625,-1,-0.0,1731
31.049999999999997,31.049999999999997,10.75,0,0.0,1732
33.637499999999996,31.049999999999997,13.4375,0,0.0,1733
33.637499999999996,33.637499999999996,16.125,1,0.0,1734
31.049999999999997,33.637499999999996,18.8125,0,0.0,1735
31.049999999999997,31.049999999999997,21.5,-1,0.0,1736
33.637499999999996,31.049999999999997,24.1875,0,0.0,1737
33.637499999999996,33.637499999999996,26.875,0,0.0,1738
31.049999999999997,33.637499999999996,29.5625,1,0.0,1739
31.049999999999997,31.049999999999997,32.25,0,0.0,1740
33.637499999999996,31.049999999999997,34.9375,0,0.0,1741
33.637499999999996,33.637499999999996,37.625,0,0.0,1742
31.049999999999997,33.637499999999996,40.3125,0,0.0,1743
31.049999999999997,31.049999999999997,43.0,-1,0.0,1744
33.637499999999996,31.049999999999997,45.6875,0,0.0,1745
33.637499999999996,33.637499999999996,48.375,-1,0.0,1746
31.049999999999997,33.637499999999996,51.0625,0,0.0,1747
31.049999999999997,31.049999999999997,53.75,0,0.0,1748
33.637499999999996,31.049999999999997,56.4375,1,-0.0,1749
33.637499999999996,33.637499999999996,59.125,1,-0.0,1750
31.049999999999997,33.637499999999996,61.8125,-1,-0.0,1751
31.049999999999997,31.049999999999997,64.5,0,0.0,1752
33.637499999999996,31.049999999999997,67.1875,0,0.0,1753
33.637499999999996,33.637499999999996,69.875,-1,-0.0,1754
31.049999999999997,33.637499999999996,72.5625,0,0.0,1755
31.049999999999997,31.049999999999997,75.25,0,0.0,1756
33.637499999999996,31.049999999999997,77.9375,0,0.0,1757
33.637499999999996,33.637499999999996,80.625,0,0.0,1758
31.049999999999997,33.637499999999996,83.3125,-1,-0.0,1759
31.049999999999997,36.225,0.0,1,-0.0,1760
33.637499999999996,36.225,2.6875,0,0.0,1761
33.637499999999996,38.8125,5.375,0,0.0,1762
31.049999999999997,38.8125,8.0625,0,0.0,1763
31.049999999999997,36.225,10.75,-1,0.0,1764
33.637499999999996,36.225,13.4375,0,0.0,1765
33.637499999999996,38.8125,16.125,1,0.0,1766
31.049999999999997,38.8125,18.8125,1,0.0,1767
31.049999999999997,36.225,21.5,-1,0.0,1768
33.637499999999996,36.225,24.1875,0,0.0,1769
33.637499999999996,38.8125,26.875,0,0.0,1770
31.049999999999997,38.8125,29.5625,1,-0.0,1771
31.049999999999997,36.225,32.25,0,0.0,1772
33.637499999999996,36.225,34.9375,-1,0.0,1773
33.637499999999996,38.8125,37.625,0,0.0,1774
31.049999999999997,38.8125,40.3125,-1,-0.0,1775
31.049999999999997,36.225,43.0,0,0.0,1776
33.637499999999996,36.225,45.6875,0,0.0,1777
33.637499999999996,38.8125,48.375,0,0.0,1778
31.049999999999997,38.8125,51.0625,0,0.0,1779
31.049999999999997,36.225,53.75,0,0.0,1780
33.637499999999996,36.225,56.4375,-1,0.0,1781
33.637499999999996,38.8125,59.125,0,0.0,1782
31.049999999999997,38.8125,61.8125,0,0.0,1783
31.049999999999997,36.225,64.5,0,0.0,1784
33.637499999999996,36.225,67.1875,-1,0.0,1785
33.637499999999996,38.8125,69.875,0,0.0,1786
31.049999999999997,38.8125,72.5625,1,0.0,1787
31.049999999999997,36.225,75.25,0,0.0,1788
33.637499999999996,36.225,77.9375,0,0.0,1789
33.637499999999996,38.8125,80.625,0,0.0,1790
31.049999999999997,38.8125,83.3125,0,0.0,1791
36.225,0.0,0.0,0,0.0,1792
38.8125,0.0,2.6875,0,0.0,1793
38.8125,2.5875,5.375,0,0.0,1794
36.225,2.5875,8.0625,0,0.0,1795
36.225,0.0,10.75,0,0.0,1796
38.8125,0.0,13.4375,0,0.0,1797
38.8125,2.5875,16.125,0,0.0,1798
36.225,2.5875,18.8125,0,0.0,1799
36.225,0.0,21.5,0,0.0,1800
38.8125,0.0,24.1875,0,0.0,1801
38.8125,2.5875,26.875,0,0.0,1802
36.225,2.5875,29.5625,0,0.0,1803
36.225,0.0,32.25,0,0.0,1804
38.8125,0.0,34.9375,0,0.0,1805
38.8125,2.5875,37.625,0,0.0,1806
36.225,2.5875,40.3125,0,0.0,1807
36.225,0.0,43.0,-1,0.0,1808
38.8125,0.0,45.6875,0,0.0,1809
38.8125,2.5875,48.375,-1,0.0,1810
36.225,2.5875,51.0625,-1,0.0,1811
36.225,0.0,53.75,0,0.0,1812
38.8125,0.0,56.4375,0,0.0,1813
38.8125,2.5875,59.125,0,0.0,1814
36.225,2.5875,61.8125,0,0.0,1815
36.225,0.0,64.5,-1,0.0,1816
38.8125,0.0,67.1875,0,0.0,1817
38.8125,2.5875,69.875,0,0.0,1818
36.225,2.5875,72.5625,0,0.0,1819
36.225,0.0,75.25,0,0.0,1820
38.8125,0.0,77.9375,-1,-0.0,1821
38.8125,2.5875,80.625,0,0.0,1822
36.225,2.5875,83.3125,0,0.0,1823
36.225,5.175,0.0,1,-0.0,1824
38.8125,5.175,2.6875,0,0.0,1825
38.8125,7.762499999999999,5.375,1,0.0,1826
36.225,7.762499999999999,8.0625,-1,0.0,1827
36.225,5.175,10.75,0,0.0,1828
38.8125,5.175,13.4375,0,0.0,1829
38.8125,7.762499999999999,16.125,-1,-0.0,1830
36.225,7.762499999999999,18.8125,1,0.0,1831
36.225,5.175,21.5,0,0.0,1832
38.8125,5.175,24.1875,0,0.0,1833
38.8125,7.762499999999999,26.875,0,0.0,1834
36.225,7.762499999999999,29.5625,0,0.0,1835
36.225,5.175,32.25,0,0.0,1836
38.8125,5.175,34.9375,0,0.0,1837
38.8125,7.762499999999999,37.625,0,0.0,1838
36.225,7.762499999999999,40.3125,0,0.0,1839
36.225,5.175,43.0,0,0.0,1840
38.8125,5.175,45.6875,-1,-0.0,1841
38.8125,7.762499999999999,48.375,0,0.0,1842
36.225,7.762499999999999,51.0625,0,0.0,1843
36.225,5.175,53.75,-1,0.0,1844
38.8125,5.175,56.4375,-1,-0.0,1845
38.8125,7.762499999999999,59.125,1,-0.0,1846
36.225,7.762499999999999,61.8125,0,0.0,1847
36.225,5.175,64.5,0,0.0,1848
38.8125,5.175,67.1875,-1,0.0,1849
38.8125,7.762499999999999,69.875,0,0.0,1850
36.225,7.762499999999999,72.5625,0,0.0,1851
36.225,5.175,75.25,0,0.0,1852
38.8125,5.175,77.9375,1,0.0,1853
38.8125,7.762499999999999,80.625,0,0.0,1854
36.225,7.762499999999999,83.3125,0,0.0,1855
36.225,10.35,0.0,0,0.0,1856
38.8125,10.35,2.6875,0,0.0,1857
38.8125,12.9375,5.375,1,-0.0,1858
36.225,12.9375,8.0625,0,0.0,1859
36.225,10.35,10.75,-1,-0.0,1860
38.8125,10.35,13.4375,-1,-0.0,1861
38.8125,12.9375,16.125,0,0.0,1862
36.225,12.9375,18.8125,-1,0.0,1863
36.225,10.35,21.5,0,0.0,1864
38.8125,10.35,24.1875,0,0.0,1865
38.8125,12.9375,26.875,0,0.0,1866
36.225,12.9375,29.5625,-1,0.0,1867
36.225,10.35,32.25,-1,0.0,1868
38.8125,10.35,34.9375,1,0.0,1869
38.8125,12.9375,37.625,0,0.0,1870
36.225,12.9375,40.3125,-1,-0.0,1871
36.225,10.35,43.0,0,0.0,1872
38.8125,10.35,45.6875,0,0.0,1873
38.8125,12.9375,48.375,0,0.0,1874
36.225,12.9375,51.0625,0,0.0,1875
36.225,10.35,53.75,0,0.0,1876
38.8125,10.35,56.4375,0,0.0,1877
38.8125,12.9375,59.125,-1,-0.0,1878
36.225,12.9375,61.8125,0,0.0,1879
36.225,10.35,64.5,-1,-0.0,1880
38.8125,10.35,67.1875,0,0.0,1881
38.8125,12.9375,69.875,0,0.0,1882
36.225,12.9375,72.5625,0,0.0,1883
36.225,10.35,75.25,0,0.0,1884
38.8125,10.35,77.9375,-1,0.0,1885
38.8125,12.9375,80.625,0,0.0,1886
36.225,12.9375,83.3125,0,0.0,1887
36.225,15.524999999999999,0.0,0,0.0,1888
38.8125,15.524999999999999,2.6875,1,0.0,1889
38.8125,18.112499999999997,5.375,0,0.0,1890
36.225,18.112499999999997,8.0625,1,-0.0,1891
36.225,15.524999999999999,10.75,1,-0.0,1892
38.8125,15.524999999999999,13.4375,0,0.0,1893
38.8125,18.112499999999997,16.125,1,-0.0,1894
36.225,18.112499999999997,18.8125,1,-0.0,1895
36.225,15.524999999999999,21.5,0,0.0,1896
38.8125,15.524999999999999,24.1875,0,0.0,1897
38.8125,18.112499999999997,26.875,1,0.0,1898
36.225,18.112499999999997,29.5625,1,-0.0,1899
36.225,15.524999999999999,32.25,0,0.0,1900
38.8125,15.524999999999999,34.9375,0,0.0,1901
38.8125,18.112499999999997,37.625,1,-0.0,1902
36.225,18.112499999999997,40.3125,0,0.0,1903
36.225,15.524999999999999,43.0,0,0.0,1904
38.8125,15.524999999999999,45.6875,-1,-0.0,1905
38.8125,18.112499999999997,48.375,1,0.0,1906
36.225,18.112499999999997,51.0625,-1,-0.0,1907
36.225,15.524999999999999,53.75,0,0.0,1908
38.8125,15.524999999999999,56.4375,0,0.0,1909
38.8125,18.112499999999997,59.125,-1,0.0,1910
36.225,18.112499999999997,61.8125,0,0.0,1911
36.225,15.524999999999999,64.5,0,0.0,1912
38.8125,15.524999999999999,67.1875,1,0.0,1913
38.8125,18.112499999999997,69.875,0,0.0,1914
36.225,18.112499999999997,72.5625,0,0.0,1915
36.225,15.524999999999999,75.25,0,0.0,1916
38.8125,15.524999999999999,77.9375,0,0.0,1917
38.8125,18.112499999999997,80.625,0,0.0,1918
36.225,18.112499999999997,83.3125,1,0.0,1919
36.225,20.7,0.0,0,0.0,1920
38.8125,20.7,2.6875,0,0.0,1921
38.8125,23.287499999999998,5.375,1,-0.0,1922
36.225,23.287499999999998,8.0625,0,0.0,1923
36.225,20.7,10.75,1,-0.0,1924
38.8125,20.7,13.4375,-1,-0.0,1925
38.8125,23.287499999999998,16.125,0,0.0,1926
36.225,23.287499999999998,18.8125,0,0.0,1927
36.225,20.7,21.5,0,0.0,1928
38.8125,20.7,24.1875,0,0.0,1929
38.8125,23.287499999999998,26.875,1,-0.0,1930
36.225,23.287499999999998,29.5625,0,0.0,1931
36.225,20.7,32.25,0,0.0,1932
38.8125,20.7,34.9375,0,0.0,1933
38.8125,23.287499999999998,37.625,0,0.0,1934
36.225,23.287499999999998,40.3125,-1,0.0,1935
36.225,20.7,43.0,-1,-0.0,1936
38.8125,20.7,45.6875,0,0.0,1937
38.8125,23.287499999999998,48.375,0,0.0,1938
36.225,23.287499999999998,51.0625,1,0.0,1939
36.225,20.7,53.75,0,0.0,1940
38.8125,20.7,56.4375,0,0.0,1941
38.8125,23.287499999999998,59.125,0,0.0,1942
36.225,23.287499999999998,61.8125,-1,0.0,1943
36.225,20.7,64.5,1,-0.0,1944
38.8125,20.7,67.1875,0,0.0,1945
38.8125,23.287499999999998,69.875,1,-0.0,1946
36.225,23.287499999999998,72.5625,-1,-0.0,1947
36.225,20.7,75.25,0,0.0,1948
38.8125,20.7,77.9375,0,0.0,1949
38.8125,23.287499999999998,80.625,-1,-0.0,1950
36.225,23.287499999999998,83.3125,0,0.0,1951
36.225,25.875,0.0,0,0.0,1952
38.8125,25.875,2.6875,0,0.0,1953
38.8125,28.4625,5.375,0,0.0,1954
36.225,28.4625,8.0625,0,0.0,1955
36.225,25.875,10.75,0,0.0,1956
38.8125,25.875,13.4375,0,0.0,1957
38.8125,28.4625,16.125,0,0.0,1958
36.225,28.4625,18.8125,1,-0.0,1959
36.225,25.875,21.5,0,0.0,1960
38.8125,25.875,24.1875,0,0.0,1961
38.8125,28.4625,26.875,0,0.0,1962
36.225,28.4625,29.5625,-1,0.0,1963
36.225,25.875,32.25,0,0.0,1964
38.8125,25.875,34.9375,0,0.0,1965
38.8125,28.4625,37.625,0,0.0,1966
36.225,28.4625,40.3125,0,0.0,1967
36.225,25.875,43.0,0,0.0,1968
38.8125,25.875,45.6875,0,0.0,1969
38.8125,28.4625,48.375,-1,0.0,1970
36.225,28.4625,51.0625,-1,-0.0,1971
36.225,25.875,53.75,1,0.0,1972
38.8125,25.875,56.4375,0,0.0,1973
38.8125,28.4625,59.125,0,0.0,1974
36.225,28.4625,61.8125,0,0.0,1975
36.225,25.875,64.5,-1,-0.0,1976
38.8125,25.875,67.1875,1,0.0,1977
38.8125,28.4625,69.875,1,-0.0,1978
36.225,28.4625,72.5625,1,-0.0,1979
36.225,25.875,75.25,0,0.0,1980
38.8125,25.875,77.9375,0,0.0,1981
38.8125,28.4625,80.625,0,0.0,1982
36.225,28.4625,83.3125,0,0.0,1983
36.225,31.049999999999997,0.0,1,-0.0,1984
38.8125,31.049999999999997,2.6875,0,0.0,1985
38.8125,33.637499999999996,5.375,0,0.0,1986
36.225,33.637499999999996,8.0625,0,0.0,1987
36.225,31.049999999999997,10.75,0,0.0,1988
38.8125,31.049999999999997,13.4375,1,0.0,1989
38.8125,33.637499999999996,16.125,1,0.0,1990
36.225,33.637499999999996,18.8125,1,0.0,1991
36.225,31.049999999999997,21.5,0,0.0,1992
38.8125,31.049999999999997,24.1875,0,0.0,1993
38.8125,33.637499999999996,26.875,0,0.0,1994
36.225,33.637499999999996,29.5625,0,0.0,1995
36.225,31.049999999999997,32.25,0,0.0,1996
38.8125,31.049999999999997,34.9375,0,0.0,1997
38.8125,33.637499999999996,37.625,1,0.0,1998
36.225,33.637499999999996,40.3125,1,0.0,1999
36.225,31.049999999999997,43.0,0,0.0,2000
38.8125,31.049999999999997,45.6875,0,0.0,2001
38.8125,33.637499999999996,48.375,-1,-0.0,2002
36.225,33.637499999999996,51.0625,0,0.0,2003
36.225,31.049999999999997,53.75,-1,-0.0,2004
38.8125,31.049999999999997,56.4375,0,0.0,2005
38.8125,33.637499999999996,59.125,0,0.0,2006
36.225,33.637499999999996,61.8125,-1,0.0,2007
36.225,31.049999999999997,64.5,0,0.0,2008
38.8125,31.049999999999997,67.1875,1,-0.0,2009
38.8125,33.637499999999996,69.875,1,-0.0,2010
36.225,33.637499999999996,72.5625,1,0.0,2011
36.225,31.049999999999997,75.25,0,0.0,2012
38.8125,31.049999999999997,77.9375,0,0.0,2013
38.8125,33.637499999999996,80.625,0,0.0,2014
36.225,33.637499999999996,83.3125,0,0.0,2015
36.225,36.225,0.0,1,0.0,2016
38.8125,36.225,2.6875,0,0.0,2017
38.8125,38.8125,5.375,1,-0.0,2018
36.225,38.8125,8.0625,0,0.0,2019
36.225,36.225,10.75,1,-0.0,2020
38.8125,36.225,13.4375,-1,-0.0,2021
38.8125,38.8125,16.125,0,0.0,2022
36.225,38.8125,18.8125,0,0.0,2023
36.225,36.225,21.5,0,0.0,2024
38.8125,36.225,24.1875,0,0.0,2025
38.8125,38.8125,26.875,1,0.0,2026
36.225,38.8125,29.5625,0,0.0,2027
36.225,36.225,32.25,0,0.0,2028
38.8125,36.225,34.9375,0,0.0,2029
38.8125,38.8125,37.625,0,0.0,2030
36.225,38.8125,40.3125,0,0.0,2031
36.225,36.225,43.0,1,0.0,2032
38.8125,36.225,45.6875,0,0.0,2033
38.8125,38.8125,48.375,0,0.0,2034
36.225,38.8125,51.0625,0,0.0,2035
36.225,36.225,53.75,0,0.0,2036
38.8125,36.225,56.4375,1,-0.0,2037
38.8125,38.8125,59.125,1,-0.0,2038
36.225,38.8125,61.8125,0,0.0,2039
36.225,36.225,64.5,0,0.0,2040
38.8125,36.225,67.1875,0,0.0,2041
38.8125,38.8125,69.875,0,0.0,2042
36.225,38.8125,72.5625,0,0.0,2043
36.225,36.225,75.25,0,0.0,2044
38.8125,36.225,77.9375,0,0.0,2045
38.8125,38.8125,80.625,0,0.0,2046
36.225,38.8125,83.3125,0,0.0,2047
